0.001 0.36016474817814825
0.001011664140702465 0.36016474817814825
0.0010234643335832573 0.36016474817814825
0.0010354021655741273 0.36016474817814825
0.0010474792421170211 0.36016474817814825
0.0010596971873799857 0.36016474817814825
0.0010720576444755924 0.36016474817814825
0.0010845622756819092 0.36016474817814825
0.0010972127626660488 0.36016474817814825
0.0011100108067103262 0.36016474817814825
0.0011229581289410524 0.36016474817814825
0.0011360564705599977 0.36016474817814825
0.0011493075930785557 0.36016474817814825
0.0011627132785546356 0.36016474817814825
0.0011762753298323217 0.36016474817814825
0.0011899955707843244 0.36016474817814825
0.0012038758465572632 0.36016474817814825
0.0012179180238198067 0.36016474817814825
0.0012321239910137091 0.36016474817814825
0.001246495658607776 0.36016474817814825
0.0012610349593547893 0.36016474817814825
0.001275743848551431 0.36016474817814825
0.0012906243043012394 0.36016474817814825
0.0013056783277806303 0.36016474817814825
0.001320907943508023 0.36016474817814825
0.0013363151996161047 0.36016474817814825
0.0013519021681272698 0.36016474817814825
0.001367670945232274 0.36016474817814825
0.001383623651572137 0.36016474817814825
0.0013997624325233328 0.36016474817814825
0.00141608945848631 0.36016474817814825
0.0014326069251773721 0.36016474817814825
0.0014493170539239672 0.36016474817814825
0.0014662220919634185 0.36016474817814825
0.0014833243127451428 0.36016474817814825
0.0015006260162363897 0.36016474817814825
0.001518129529231551 0.36016474817814825
0.001535837205665075 0.36016474817814825
0.0015537514269280332 0.36016474817814825
0.0015718746021883782 0.36016474817814825
0.001590209168714935 0.36016474817814825
0.0016087575922051761 0.36016474817814825
0.0016275223671168165 0.36016474817814825
0.0016465060170032762 0.36016474817814825
0.001665711094853058 0.36016474817814825
0.0016851401834330816 0.3586316509631964
0.001704795895636023 0.33454191849546994
0.0017246808748317068 0.2881091790754128
0.0017447977952225946 0.24733130643181722
0.0017651493622034221 0.21426918534543823
0.0017857383127250295 0.18717609030087987
0.0018065674156624372 0.16460688867749082
0.0018276394721872128 0.1457698991265664
0.0018489573161441836 0.12996140489370256
0.0018705238144325418 0.11669634407318502
0.001892341867391395 0.10555499988649418
0.0019144144091898141 0.09620436351234952
0.0019367444082214306 0.0883767712566652
0.001959334867503638 0.08184225853719841
0.001982188825081447 0.07641609970591813
0.0020053093544360506 0.07191859566303899
0.002028699564898163 0.06819894996118867
0.002052362602066165 0.06515663163545231
0.0020763016482291423 0.06266849025380919
0.0021005199227948474 0.06064656122195881
0.0021250206827226575 0.05901795959033786
0.0021498072229615833 0.05770854377232163
0.0021748828768933834 0.05666427837426838
0.0022002510167808504 0.05584118109902785
0.0022259150542213247 0.055548384663713285
0.0022518784406054975 0.055548384663713285
0.002278144667581568 0.055548384663713285
0.00230471726752481 0.055548384663713285
0.0023315998140126205 0.055548384663713285
0.0023587959223051055 0.055548384663713285
0.002386309249831274 0.055548384663713285
0.0024141434966808996 0.055548384663713285
0.0024423024061021267 0.055548384663713285
0.0024707897650048717 0.055548384663713285
0.002499609404470099 0.055548384663713285
0.0025287652002650442 0.055548384663713285
0.002558261073364433 0.055548384663713285
0.0025881009904777956 0.055548384663713285
0.002618288964582918 0.055548384663713285
0.002648829055465525 0.055548384663713285
0.002679725370265253 0.055548384663713285
0.0027109820640279928 0.055548384663713285
0.002742603340264675 0.055548384663713285
0.002774593451516573 0.055548384663713285
0.002806956699927201 0.055548384663713285
0.0028396974378208793 0.055548384663713285
0.002872820068288052 0.055548384663713285
0.00290632904577743 0.055548384663713285
0.002940228876695039 0.055548384663713285
0.0029745241200102614 0.055548384663713285
0.0030092193878689375 0.055548384663713285
0.003044319346213627 0.055548384663713285
0.0030798287154111 0.055548384663713285
0.0031157522708871476 0.055548384663713285
0.0031520948437688007 0.055548384663713285
0.0031888613215340354 0.055548384663713285
0.003226056648669057 0.055548384663713285
0.0032636858273332567 0.055548384663713285
0.0033017539180319132 0.055548384663713285
0.0033402660402967535 0.055548384663713285
0.003379227373374441 0.055548384663713285
0.003418643156923102 0.055548384663713285
0.003458518691716974 0.055548384663713285
0.003498859340359266 0.055548384663713285
0.003539670528003351 0.055548384663713285
0.0035809577430823514 0.055548384663713285
0.0036227265380472462 0.055548384663713285
0.0036649825301135843 0.055548384663713285
0.0037077314020169064 0.055548384663713285
0.0037509789027769798 0.055548384663713285
0.003794730848470949 0.055548384663713285
0.003838993123015499 0.055548384663713285
0.003883771678958149 0.055548384663713285
0.003929072538277766 0.055548384663713285
0.003974901793194431 0.055548384663713285
0.004021265606988731 0.055548384663713285
0.004068170214830633 0.055548384663713285
0.004115621924617995 0.055548384663713285
0.004163627117824889 0.055548384663713285
0.004212192250359799 0.055548384663713285
0.004261323853433829 0.055548384663713285
0.0043110285344390535 0.055548384663713285
0.0043613129778370925 0.055548384663713285
0.004412183946058071 0.055548384663713285
0.004463648280410051 0.055548384663713285
0.004515712901999071 0.055548384663713285
0.004568384812659926 0.055548384663713285
0.004621671095897797 0.055548384663713285
0.004675578917840865 0.055548384663713285
0.00473011552820404 0.055548384663713285
0.0047852882612639275 0.055548384663713285
0.004841104536845166 0.055548384663713285
0.00489757186131827 0.055548384663713285
0.0049546978286091215 0.055548384663713285
0.005012490121220217 0.055548384663713285
0.005070956511263847 0.055548384663713285
0.00513010486150731 0.055548384663713285
0.005189943126430332 0.055548384663713285
0.005250479353294807 0.055548384663713285
0.005311721683227026 0.055548384663713285
0.0053736783523125236 0.055548384663713285
0.005436357692703687 0.055548384663713285
0.005499768133740312 0.055548384663713285
0.005563918203083193 0.055548384663713285
0.005628816527860962 0.055548384663713285
0.005694471835830296 0.055548384663713285
0.005760892956549646 0.055548384663713285
0.005828088822566681 0.055548384663713285
0.005896068470619563 0.055548384663713285
0.005964841042852239 0.055548384663713285
0.0060344157880439075 0.055548384663713285
0.006104802062852829 0.055548384663713285
0.006176009333074644 0.055548384663713285
0.006248047174915365 0.055548384663713285
0.006320925276279219 0.055548384663713285
0.006394653438071509 0.055548384663713285
0.006469241575516677 0.055548384663713285
0.0065446997194917415 0.055548384663713285
0.006621038017875277 0.049447411730441905
0.006698266736912147 0.030301289462404273
0.006776396262594133 0.024230475818607357
0.006855437102056689 0.02034746729877037
0.006935399884991979 0.01747102506514356
0.007016295365078386 0.015229184547541881
0.0070981344214267154 0.013432193549688519
0.007180928060043249 0.0119648184530498
0.007264687415309873 0.010758949528895893
0.007349423751481475 0.009758540764286758
0.007435148464200795 0.008927401011853043
0.0075218730820309524 0.008235496645826427
0.0076096092680058465 0.007659202889451915
0.00769836882119865 0.007179418859395682
0.007788163678308582 0.006780813583508209
0.007879005915266205 0.006450443700056706
0.007970907748857425 0.006176873811782108
0.008063881538366466 0.005952438432609652
0.008157939787237984 0.005767838448284717
0.008253095144758568 0.005617544655736981
0.008349360407757866 0.00549539953336541
0.008446748522329545 0.005396879187748833
0.008545272585572337 0.005317459725466083
0.00864494584735137 0.005254250881275856
0.00874578171208007 0.0052041110625245645
0.00884779374052282 0.005168673897392072
0.008950995651618669 0.005164024340264758
0.009055401324326303 0.005164024340264758
0.009161024799490533 0.005164024340264758
0.009267880281730565 0.005164024340264758
0.009375982141350275 0.005164024340264758
0.009485344916270785 0.005164024340264758
0.00959598331398558 0.005164024340264758
0.009707912213538415 0.005164024340264758
0.009821146667524311 0.005164024340264758
0.009935701904113862 0.005164024340264758
0.010051593329101195 0.005164024340264758
0.010168836527975792 0.005164024340264758
0.010287447268018468 0.005164024340264758
0.010407441500421827 0.005164024340264758
0.010528835362435424 0.005164024340264758
0.010651645179535965 0.005164024340264758
0.010775887467622808 0.005164024340264758
0.010901578935239091 0.005164024340264758
0.01102873648581875 0.005164024340264758
0.011157377219959753 0.005164024340264758
0.011287518437723841 0.005164024340264758
0.011419177640963122 0.005164024340264758
0.01155237253567376 0.005164024340264758
0.011687121034377154 0.005164024340264758
0.011823441258528869 0.005164024340264758
0.011961351540955689 0.005164024340264758
0.012100870428321043 0.005164024340264758
0.01224201668361928 0.005164024340264758
0.012384809288698942 0.005164024340264758
0.012529267446815522 0.005164024340264758
0.012675410585213997 0.005164024340264758
0.012823258357741448 0.005164024340264758
0.012972830647490205 0.005164024340264758
0.013124147569471785 0.005164024340264758
0.013277229473322025 0.005164024340264758
0.013432096946037772 0.005164024340264758
0.013588770814745509 0.005164024340264758
0.013747272149502254 0.005164024340264758
0.013907622266129127 0.005164024340264758
0.014069842729077997 0.005164024340264758
0.014233955354331517 0.005164024340264758
0.014399982212337048 0.005164024340264758
0.014567945630974743 0.005164024340264758
0.014737868198560294 0.005164024340264758
0.014909772766882696 0.005135624342676307
0.0150836824542774 0.005024160635326941
0.015259620648735397 0.004982691612299556
0.015437611011048489 0.00496396772008416
0.015617677477991284 0.0049511500220575135
0.015799844265540295 0.0049412225892721704
0.015984135872130593 0.00493318011207898
0.016170577081950445 0.00492651993565337
0.016359192968274375 0.004921116396289196
0.016550008896835115 0.004916592502868026
0.01674305052923485 0.004912822591683718
0.016938343826396328 0.004909680999030129
0.017135915052054147 0.004907042061201113
0.017335790776286795 0.004904780114490528
0.017537997879089905 0.0049028951588983745
0.017742563553991144 0.004901387194424652
0.017949515311707326 0.004900130557363215
0.018158880983844137 0.004898999584007923
0.018370688726639012 0.0048981199380649185
0.01858496702474773 0.0048974916195342
0.018801744695075062 0.004896863301003482
0.019021050890650246 0.004896360646178908
0.019242915104547544 0.004895983655060478
0.019467367173852577 0.0048957323276481906
0.019694437283674943 0.004895481000235903
0.019924155971207603 0.0048952296728236155
0.02015655412983363 0.0048952296728236155
0.020391663013280867 0.0048952296728236155
0.02062951423982504 0.0048952296728236155
0.020870139796541867 0.0048952296728236155
0.02111357204360885 0.0048952296728236155
0.021359843718657137 0.0048952296728236155
0.02160898794117422 0.0048952296728236155
0.02186103821695795 0.0048952296728236155
0.022116028442622514 0.0048952296728236155
0.022373992910156987 0.0048952296728236155
0.022634966311537014 0.0048952296728236155
0.022898983743390344 0.0048952296728236155
0.023166080711716722 0.0048952296728236155
0.023436293136662848 0.0048952296728236155
0.0237096573573531 0.0048952296728236155
0.023986210136776508 0.0048952296728236155
0.024265988666730767 0.0048952296728236155
0.024549030572823937 0.0048952296728236155
0.024835373919534477 0.0048952296728236155
0.02512505721533026 0.0048952296728236155
0.025418119417847357 0.0048952296728236155
0.025714599939129206 0.0048952296728236155
0.02601453865092681 0.0048952296728236155
0.02631797589006094 0.0048952296728236155
0.026624952463846698 0.004855519941682241
0.02693550965558145 0.004800730565803634
0.02724968923009676 0.004784394284004968
0.02756753343937506 0.0047754721608687725
0.027889085028231845 0.004768811984443163
0.028214387240064157 0.004763785436197419
0.0285434838226661 0.004759764197600823
0.02887641903411223 0.00475649694124109
0.02921323764870946 0.004753858003412075
0.02955398496301856 0.004751721720407633
0.029898706801945747 0.0047499624285216235
0.030247449524905396 0.004748580127754044
0.030600260032054603 0.004747323490692608
0.030957185770600512 0.004746443844749603
0.031318274741181144 0.004745564198806598
0.03168357550432074 0.00474493588027588
0.03205313718696034 0.004744433225451305
0.03242700948906446 0.004744056234332874
0.03280524269030508 0.004743679243214444
0.03318788765682332 0.004743427915802157
0.03357499584807011 0.004743302252096013
0.03396661932372668 0.004743050924683726
0.034362810750705707 0.004742925260977583
0.03476362341023412 0.004742799597271439
0.0351691112050186 0.004742799597271439
0.03557932866649458 0.004742673933565295
0.03599433096215984 0.004742673933565295
0.03641417390299358 0.004742673933565295
0.03683891395096213 0.004742673933565295
0.03726860822661216 0.004742673933565295
0.03770331451675241 0.004742673933565295
0.03814309128222511 0.004742673933565295
0.03858799766576796 0.004742673933565295
0.039038093499967876 0.004742673933565295
0.03949343931530749 0.004742673933565295
0.03995409634830552 0.004742673933565295
0.04042012654975201 0.004742673933565295
0.04089159259303976 0.004742673933565295
0.04136855788259286 0.0047296049081263615
0.041851086562393496 0.004541486340029405
0.04233924352460831 0.00447098900088285
0.04283309441831527 0.0044412067025268185
0.04333270565833248 0.0044208491821315565
0.043838144434149774 0.0044055182099820385
0.04434947871896469 0.004393705821604541
0.0448667772788237 0.004384281043643772
0.045390109681870065 0.0043768668849813
0.045919546307699725 0.004370960690792551
0.0464551583568261 0.004366059806252951
0.04699701786025542 0.0043621642313624994
0.04754519768917371 0.004359022638708909
0.048099771564746756 0.004356509364586038
0.048660814068034394 0.004354373081581597
0.04922840065002044 0.00435273945340173
0.04980260764175963 0.004351482816340294
0.050383512264642785 0.004350351842985002
0.05097119264078196 0.0043494721970419965
0.051565727803516495 0.004348843878511279
0.05216719770804173 0.004348341223686705
0.05277568324216165 0.004347964232568274
0.05339126623716695 0.004347587241449843
0.05401402947884004 0.004347335914037556
0.05464405671858834 0.0043472102503314125
0.05528143268470744 0.0043470845866252685
0.055926243093775745 0.0043470845866252685
0.05657857466218182 0.0043470845866252685
0.057238515117786444 0.0043470845866252685
0.05790615321172048 0.0043470845866252685
0.058581578730320494 0.0043470845866252685
0.05926488250720349 0.0043470845866252685
0.05995615643548258 0.004046748328942084
0.06065549348012506 0.0036071766848518004
0.061362987690454694 0.0034615324494313773
0.06207873421279983 0.0033627607764025146
0.06280282930328887 0.0032886191897777955
0.06353537034079533 0.003230311230127169
0.0642764558400336 0.0031833130040294652
0.06502618546480754 0.00314498557365567
0.06578466004141365 0.0031134439834136283
0.06655198157220053 0.003087180268829618
0.06732825324928655 0.0030654404476667765
0.06811357946843744 0.003047344873982099
0.06890806584310583 0.003032139565538725
0.06971181921863459 0.0030195731949243655
0.07052494768662555 0.003009268771020591
0.07134756059947635 0.003000597975296683
0.0721797685850863 0.0029934351440464983
0.07302168356173412 0.002987654613563893
0.07387341875312908 0.0029828793927304366
0.07473508870363771 0.0029789838178399856
0.07560680929368814 0.002975842225186396
0.07648869775535418 0.0029732032873573803
0.07738087268812101 0.0029711926680590825
0.0782834540748348 0.0029695590398792163
0.07919656329783864 0.00296830240281778
0.08012032315529631 0.0029675484205809186
0.08105485787770667 0.0029675484205809186
0.08200029314461055 0.002825925423757091
0.08295675610149267 0.0027553024209043923
0.08392437537688058 0.0027236351669562074
0.08490328109964301 0.002701518354674935
0.0858936049164902 0.0026849307454639808
0.08689548000967814 0.0026719873837311907
0.08790904111491928 0.0026616829598274166
0.08893442453950248 0.002653389155221939
0.08997176818062401 0.0026466033150901853
0.0910212115439324 0.0026410741120198675
0.09208289576228967 0.0026365502185986983
0.09315696361475145 0.002632905971120534
0.09424355954576834 0.0026298900421730877
0.09534282968461133 0.002627376768050216
0.09645492186502387 0.0026253661487519184
0.09757998564510278 0.0026237325205720513
0.0987181723274118 0.0026224758835106158
0.09986963497932892 0.0026213449101553233
0.10103452845363166 0.0026205909279184616
0.10221300940932208 0.0026198369456816003
0.10340523633269476 0.002619334290857026
0.10461136955865102 0.002618957299738595
0.10583157129226066 0.0026185803086201643
0.10706600563057661 0.0021812706112404653
0.10831483858470253 0.0018628387798726037
0.10957823810211936 0.0017340334810754222
0.11085637408927067 0.001642927294121318
0.11214941843441308 0.0015729326097993377
0.11345754503073177 0.00151738925168387
0.11478092979972646 0.001472150317472177
0.1161197507148703 0.0014349538604536737
0.11747418782554366 0.0014040405887423503
0.11884442328124868 0.001378279528982914
0.12023064135610444 0.00135679103523236
0.12163302847362972 0.0013386954615476824
0.12305177323181303 0.0013236158168104515
0.1244870664284768 0.0013110494461960923
0.12593910108693562 0.0013004936948800307
0.12740807248195568 0.0012916972354499795
0.12889417816601514 0.0012844087404936511
0.1303976179958721 0.0012785025463049023
0.13191859415944232 0.0012736016617653021
0.1334573112029894 0.0012694547594625635
0.1350139760586338 0.001261663609681661
0.1365887980721809 0.0012470866197690042
0.1381819890312755 0.0012416328149223725
0.1397937631938827 0.0012380137001854368
0.14142433731710333 0.001235286797762121
0.143073930686323 0.0012337537005471693
0.14474276514470294 0.0012329494528278502
0.14643106512301468 0.0012323085679265178
0.14813905766982133 0.001231793346731329
0.14986697248201278 0.0012313912228716696
0.1516150419356954 0.001231051930865082
0.15338350111744356 0.0012307880370821804
0.15517258785591406 0.0012305744087817362
0.15698254275383117 0.0012303984795931353
0.1588136092203427 0.0012302602495163773
0.160666033503755 0.001230147152180848
0.16254006472464985 0.0012300591875865476
0.1644359549093859 0.0012299837893628616
0.16635395902399328 0.0012185106929919515
0.16829433500846117 0.0011290883997001715
0.17025734381142774 0.0010988788447432523
0.17224324942527217 0.0010813990232186785
0.1742523189216184 0.0010686567234157185
0.1762848224872511 0.0010587921224834464
0.1783410334604514 0.001050938140849472
0.18042122836775723 0.001044541858206763
0.18252568696115026 0.0010393016816605753
0.18465469225567932 0.0010349662837986213
0.1868085305675199 0.0010313723018029147
0.1889874915524803 0.0010283815055966972
0.19119186824495427 0.0010258933642150541
0.19342195709733068 0.0010238199130636848
0.19567805801986005 0.0010221108866601322
0.19796047442098894 0.001020678320410095
0.2002695132481622 0.0010195096479429597
0.2026054850291029 0.0010072197374821163
0.20496870391357364 0.0009925547829751592
0.20735948771562338 0.000987792128512317
0.20977815795632962 0.0009845877040056555
0.2122250399070361 0.0009821875272183129
0.21470046263309814 0.0009803151379967733
0.21720475903813485 0.000978832306264279
0.21973826590880083 0.0009776510674265292
0.2223013239600769 0.0009767085896304523
0.2248942778810914 0.0009760551383585056
0.22751747638147587 0.0009755273507927025
0.23017127223825906 0.0009751000941918143
0.23285602234331165 0.0009747482358146123
0.2355720877513403 0.000974459209290482
0.23831983372844553 0.0009742330146194235
0.24109962980124208 0.0009133992144753107
0.24391184980655617 0.0008186739127842712
0.2467568719416985 0.0007879868357440062
0.24963507881532657 0.0007672271914890849
0.2525468574988996 0.000751556927332979
0.25549259957873205 0.0007391664859072209
0.2584727012086571 0.000729163654898191
0.261487563163301 0.0007209578148870145
0.26453759089198264 0.0007141594083846461
0.26762319457323774 0.0007084919752375701
0.27074478916998335 0.0007037795862571855
0.2739027944853214 0.000699846312254891
0.27709763521899644 0.000696553923153929
0.28032974102451136 0.0006938018879893842
0.2835995465669067 0.0006779682610152918
0.2869074915812186 0.0006608277314973058
0.2902540209316131 0.0006544565815958257
0.29363958467121587 0.0006499326881746563
0.2970646381026342 0.0006464392371438645
0.3005296418391904 0.0006436620692380912
0.304035061866864 0.0006414378216393496
0.307581369606962 0.0006396282642708819
0.3111690419795147 0.0006381579989090018
0.31479856146741486 0.0006369516273300234
0.3184704161813046 0.0006359714504221034
0.3221850999252158 0.0006352551672970849
0.3259431122629815 0.0006347902115843535
0.32974495858541614 0.0005645944653325433
0.33359115017828517 0.000513575000638245
0.3374822042910617 0.0004926394271947226
0.34141864420649093 0.0004776728797930209
0.34540099931096047 0.0004661495179396535
0.34942980516569544 0.0004569132355380995
0.35350560357878325 0.0004493608467988697
0.35762894267803585 0.0004431279269741475
0.3618003769847065 0.0004379254495398028
0.3660204674880609 0.00043356491893662016
0.3702897817208239 0.0004299081050878417
0.3746088938355005 0.0004268293442873237
0.3789783846815928 0.00042101111469287537
0.3833988418837121 0.00041663801771907837
0.38787085992060566 0.0004140493453725204
0.392395040205106 0.0004120135933329942
0.3969719911650076 0.00041036739878251317
0.4016023283248942 0.00040901023075616235
0.4062866743889132 0.0004079169565127131
0.41102565932452234 0.00040701217782847926
0.4158199204472069 0.000406270761962232
0.42067010250619113 0.00040568014254335717
0.42557685777114407 0.0004051900540893972
0.4305408461198994 0.0003948730638150083
0.4355627351272006 0.0003813767817751865
0.4406432001544746 0.00037675235738910236
0.44578292444066114 0.00037361076473551257
0.45098259919409317 0.0003712357206893987
0.4562429236854567 0.0003693507650972448
0.46156460534182775 0.00036783023425290736
0.4669483598418129 0.00036657359719147143
0.47239491121179333 0.00036554315480109395
0.477904991923296 0.0003646760752287032
0.4834793429915001 0.00036372103106201186
0.4891187140748881 0.0003588075801517975
0.4948238635760666 0.0003567341290004282
0.500595558743755 0.0003555780229039071
0.5064345757759717 0.0003547235097021307
0.5123416999244156 0.0003540574920595697
0.5183177256000744 0.00035352970449376665
0.5243634564800551 0.00035308988152226405
0.5304797056156698 0.00035275058951567633
0.5366672955417735 0.00035246156299154605
0.5429270583873839 0.0003514185542305543
0.5492598359875901 0.0003411518294386228
0.5556664799967621 0.0003369672280240412
0.5621478520030881 0.0003351828033968022
0.5687048236444405 0.00033396386544720934
0.5753382767256001 0.0003330590867629755
0.5820491033368411 0.00033235537000857136
0.5888382059739059 0.0003318024497015396
0.595706497659373 0.0003313500603594227
0.6026549020654444 0.00033098563561160627
0.6096843536381664 0.000326323512113679
0.6167957977230932 0.0003217619195806666
0.6239901906924249 0.00032020368962448607
0.6312685000736191 0.00031916068086349425
0.6386317046795122 0.00031836899951478965
0.646080794739949 0.0003177658137253004
0.6536167720349565 0.0003172882916419547
0.6612406500294638 0.000316911300523524
0.6689534540095966 0.00031660970762877933
0.676756221220565 0.0003047470537688243
0.6846500010061499 0.0002950709483957677
0.6926358549498288 0.0002913261699526887
0.7007148570175356 0.00028868723212367324
0.7088880937020963 0.00028668917919599015
0.7171566641693395 0.0002851058164985809
0.7255216804059216 0.0002838240466959163
0.7339842673688656 0.0002827936043055388
0.7425455631368515 0.0002813484716848875
0.7512067190632713 0.00027755342775935104
0.7599688999310621 0.00027602033054439923
0.7688332841093561 0.0002750527200070936
0.7778010637119456 0.00027431130414084636
0.7868734447576091 0.00027372068472197153
0.7960516473322949 0.0002732431626386258
0.8053369057532084 0.0002728536051495807
0.8147304687348014 0.00027152156986445867
0.8242335995567099 0.0002609155530659395
0.8338475762336391 0.00025696971269303074
0.8435736916872375 0.0002551978544364061
0.8534132539199758 0.0002539537837455845
0.8633675861910465 0.00025301130594950757
0.8734380271943272 0.0002522698900832604
0.8836259312384048 0.00025169183703499986
0.8939326684287169 0.00024973148321915983
0.904359624851799 0.00024442847481990023
0.9149082027616995 0.0002426314838220469
0.925579820768552 0.0002416764396553556
0.9363759140293585 0.0002409727229009515
0.9472979344409967 0.00024041980259391967
0.9583473508354707 0.00023999254599303148
0.9695256491774509 0.00023962812124521504
0.9808343327641049 0.00022937396282389798
0.9922749224272746 0.00022393272434788046
1.0038489567379936 0.00022182157408466813
1.0155579922134088 0.0002203764414640168
1.0274036035260994 0.00021928316722056755
1.0393873837158472 0.00021842865401879114
1.0515109444038764 0.0002177375036350014
1.0637759160095848 0.0002117307784813377
1.076183947969815 0.00020660369927067915
1.0887367089606688 0.00020473131004913964
1.1014358871219254 0.00020346210661708935
1.1142831902840598 0.000202469363338555
1.1272803461979253 0.0002016902483604647
1.140429102767102 0.00020093626612360314
1.153731228282963 0.00012817698026646354
1.167188511662484 8.92513906514246e-05
1.1808027626888153 7.319282564333499e-05
1.1945758122546781 6.175240183602241e-05
1.2085095126085776 5.285792471517899e-05
1.2226057376039123 4.567247399788842e-05
1.236866382950965 3.9626793095320215e-05
1.2512933664718546 3.421445727171572e-05
1.2658886283584432 2.9945661174017908e-05
1.2806541314332671 2.6409484483137237e-05
1.295591861413499 2.3440051106964163e-05
1.310703827177994 2.0949396451198173e-05
1.3259920610374585 1.8835732913862963e-05
1.3414586190077502 1.3505078499251802e-05
1.3571055810863921 1.0283563728554686e-05
1.3729350515322838 8.26816920942376e-06
1.3889491591487033 6.671988813987859e-06
1.4051500575695837 5.374636711761418e-06
1.4215399255491532 4.317930606799956e-06
1.438120967254931 3.4078740469080643e-06
1.454895412564157 2.6566564115816722e-06
1.4718655173636774 2.0537219495047196e-06
1.4890335638533132 1.5604919028911218e-06
1.506401860852792 1.1567344150517618e-06
1.5239727441122337 8.629955019411161e-07
1.5417485766262815 6.854075524189923e-07
1.5597317489518752 5.520657938300272e-07
1.5779246795297526 4.6054491664564934e-07
1.5963298150096807 3.8625253357355786e-07
1.6149496305794928 3.2485324675179894e-07
1.6337866302979671 2.737709502044289e-07
1.6528433474315682 2.268104232185687e-07
1.6721223447951443 1.9035538206631275e-07
1.69162621509657 1.6125166772345688e-07
1.7113575812854358 1.376143245978473e-07
1.7313190969057788 1.1829604305239293e-07
1.7515134464529536 9.784930142576913e-08
1.7719433457346414 7.692126780461536e-08
1.7926115422360862 7.08768435391086e-08
1.813520815489592 6.72175164162072e-08
1.834673977448311 6.433856090845752e-08
1.8560738728644204 6.194215403229923e-08
1.8777233796716797 5.927305691380934e-08
1.8996254093724794 5.7361711943365314e-08
1.921782907429377 5.599951736876878e-08
1.944198853661227 5.489995994001235e-08
1.9668762626439018 5.399015470753275e-08
1.98981818411572 4.973895152869504e-08
2.0130277033875705 4.615250935535694e-08
2.0365079417578427 4.461689886628224e-08
2.0602620569321948 4.3717146730294126e-08
2.0842932434482013 4.3020969798258625e-08
2.1086047331049795 4.190633272476497e-08
2.133199795397799 4.0838191222544437e-08
2.1580817379577897 4.025385498897674e-08
2.183253906996749 3.9821571839842785e-08
2.208719687757167 3.9475996647947906e-08
2.234482504967473 3.753826229921372e-08
2.260545823302609 3.563571378819974e-08
2.286913147849982 3.485785544717091e-08
2.3135880245808202 3.4371536904395206e-08
2.3405740408270703 3.400585551951736e-08
2.3678748257638134 3.30244219745359e-08
2.3954940508973492 3.237097070258923e-08
2.423435430558933 3.201408577714143e-08
2.451702722404313 3.175144863130132e-08
2.480299727919055 3.108040444049454e-08
2.5092302929297876 2.8459059530339216e-08
2.5384983081214094 2.734693573096843e-08
2.5681077095603064 2.6794015423936628e-08
2.5980624792237044 2.6396918112522876e-08
2.628366645535164 2.574723675176051e-08
2.659024283906354 2.5072422649769423e-08
2.6900395172851077 2.472810409493598e-08
2.721416516709914 2.4478033319710233e-08
2.7531595018708326 2.405328999294489e-08
2.785272741676981 2.254029897097605e-08
2.8177605548306444 2.187679460253788e-08
2.850627310408044 2.1526192862397263e-08
2.8838774284469344 2.1264812353618592e-08
2.9175153805410012 2.0846352212160432e-08
2.951545690441239 2.0532192946801454e-08
2.985972934664299 2.034244075052463e-08
3.020801743107978 2.0195414214336624e-08
3.05603679967384 1.9686476204455077e-08
3.091682842897148 1.9033024932508402e-08
3.1277446665840998 1.877164442372973e-08
3.16422712045652 1.8604511694558755e-08
3.2011351108040826 1.8438635602449212e-08
3.2384736011441015 1.8260193139725312e-08
3.2762476128890667 1.8148352441257517e-08
3.314462226021919 1.8066671032264183e-08
3.353122579779246 1.7903308214277512e-08
3.392233873342402 1.76054852307172e-08
3.4318013665367384 1.7478564887512173e-08
3.471830380538937 1.739939675264171e-08
3.5123262985926345 1.7281272868866732e-08
3.553294566732389 1.7111626865572885e-08
3.594740694516059 1.7031202093640988e-08
3.6366702557657735 1.697716669999924e-08
3.679088889317494 1.670698973179052e-08
3.7220022997793714 1.6357644628711332e-08
3.765416258298895 1.6226954374322e-08
3.809336603339045 1.61465296023901e-08
3.853769241463444 1.597437032497338e-08
3.8987201481307046 1.5849963255891222e-08
3.9441953684980384 1.5782104854573683e-08
3.990201018234209 1.568283052672025e-08
4.036743284342014 1.5295786311797984e-08
4.083828425990309 1.5116087212012647e-08
4.131462775355789 1.5025609343589263e-08
4.179652738474534 1.492130846749008e-08
4.228404796103547 1.4805697857837977e-08
4.277725504592279 1.4741609367704745e-08
4.327621496764365 1.4672494329325769e-08
4.37809948280964 1.4231414720761764e-08
4.42916625118652 1.3992653679088937e-08
4.480828669534971 1.3882069617682578e-08
4.533093685600066 1.3763945733907602e-08
4.585968328166363 1.3633255479518268e-08
4.639459708003142 1.3560370529954984e-08
4.693575018820711 1.3427167001442775e-08
4.748321538237809 1.2880529879718152e-08
4.803706628760363 1.2607839637386558e-08
4.8597377387715905 1.2475264427405067e-08
4.9164224035337005 1.2304864441874359e-08
4.973768246201272 1.2179829054261485e-08
5.031782978846414 1.2103551184632324e-08
5.090474403495951 1.1906510493399171e-08
5.149850413180622 1.1662094584949886e-08
5.209918992996611 1.1550505213894378e-08
5.270688221179367 1.1459776018058702e-08
5.332166270190032 1.1354846823428804e-08
5.39436140781447 1.1293020280006157e-08
5.457281998275164 1.1084544191513939e-08
5.520936503356078 1.0465022120226032e-08
5.585333483540597 1.0193211523837443e-08
5.650481599162807 1.0048069943241594e-08
5.716389611572129 9.906069955299337e-09
5.783066384311619 9.814084122402226e-09
5.8505208843099235 9.711291210776767e-09
5.918762183087229 9.500176184455533e-09
5.987799457975191 9.392105397172046e-09
6.057641993351155 9.316958500898178e-09
6.128299181886768 9.231004525895961e-09
6.199780525811094 9.177346123372646e-09
6.272095638188561 9.084606308238678e-09
6.3452542442117075 8.921620481370437e-09
6.41926618250911 8.848861195513299e-09
6.4941414064684695 8.795579784108416e-09
6.569889985575227 8.748078903186138e-09
6.646522106766696 8.716160321825667e-09
6.724048075802064 8.561593963269047e-09
6.802478318648363 8.433793974121014e-09
6.881823382882543 8.37586300558882e-09
6.9620939391100025 8.312277170280163e-09
7.043300782399559 8.270808147252777e-09
7.125454833735254 8.201818772579945e-09
7.208567141484998 8.057305510514814e-09
7.292648882886451 7.991960383320146e-09
7.37771136555011 7.932144459195797e-09
7.463766028980066 7.878234729260195e-09
7.550824446112373 7.830231193513344e-09
7.6388983248714375 7.674659525307577e-09
7.727999509744567 7.585061302827197e-09
7.818139983374806 7.507903787255032e-09
7.909331868172463 7.419562201836087e-09
8.001587427945314 7.348813535277243e-09
8.094919069547949 7.2117144318745854e-09
8.18933934455022 7.104648954240245e-09
8.28486095092529 6.997834804018192e-09
8.381496734757247 6.885742778138108e-09
8.479259691968704 6.749146329560025e-09
8.578162970068574 6.523705640738421e-09
8.678219869920126 6.3242773390885406e-09
8.779443847529807 6.092176473841326e-09
8.881848515856783 5.876160562980493e-09
8.98544764664372 5.588390675911667e-09
9.090255172268805 5.239548227657057e-09
9.196285187619464 4.8900774608717276e-09
9.303551951987858 4.5345748361915075e-09
9.412069890988533 4.176810264800701e-09
9.521853598498465 3.765638618298869e-09
9.63291783861962 3.3519536976741655e-09
9.745277547664571 2.9706900132345087e-09
9.8589478361651 2.643587386142739e-09
9.9739439909044 2.3538068797756164e-09
10.09028147697282 2.0069750508193035e-09
10.207975939847703 1.7427042767993301e-09
10.327043207497463 1.5062051818370905e-09
10.447499292510166 1.311803428432954e-09
10.569360394246903 1.1243006124961008e-09
10.692642901020456 9.130724888393374e-10
10.81736339229917 8.133206389025545e-10
10.943538640936659 7.308852476723582e-10
11.071185615427403 6.765105620240261e-10
11.200321482188851 5.962994183925715e-10
11.330963607869938 5.492760595536394e-10
11.463129561686664 5.095411956710357e-10
11.596837117784759 4.784771275123398e-10
11.732104257630164 3.8199253393529015e-10
11.868949172427172 2.5963378326327487e-10
12.007390265564764 2.0333644291094575e-10
12.147446155091716 1.6587609210954107e-10
12.289135676220319 1.400773332382617e-10
12.432477883859455 1.1998998981120856e-10
12.577492055177073 1.0359087615946984e-10
12.724197692192789 9.009459411964808e-11
12.872614524400527 7.890047117637694e-11
13.022762511421726 6.958376400289104e-11
13.17466184568973 6.183156997089287e-11
13.328332955165248 5.542146432050826e-11
13.48379650608362 5.0232809893839353e-11
13.64107340573398 4.59275713213599e-11
13.80018480527111 4.246553621710395e-11
13.961152102559806 3.962176654707447e-11
14.123996945052603 3.745155434197464e-11
14.288741232700877 3.1124386737644796e-11
14.455407120900208 2.373661745346304e-11
14.624017023469827 1.9955396535602367e-11
14.794593615666818 1.7746228581598024e-11
14.96715983723574 1.4246494365498993e-11
15.141738895493535 9.09629303291003e-12
15.318354268450587 6.33407910816774e-12
15.497029707967993 4.693539424463151e-12
15.677789242952008 3.764758972355865e-12
15.860657182585387 3.0758705352766946e-12
16.045658119596652 2.5247095201309013e-12
16.23281693356727 2.069052921654238e-12
16.422158794277752 1.690679502455883e-12
16.613709165092455 1.3746352815047498e-12
16.80749380638392 1.1112190206865528e-12
17.003538778997388 8.916216942006264e-13
17.20187044775543 7.0918312562136e-13
17.40251548500365 5.577206606064888e-13
17.605500874197553 4.3248421106378524e-13
17.810853913531556 3.2922634372559596e-13
18.018602219610067 2.4449130667297207e-13
18.228773731161343 1.752883036996961e-13
18.441396712794997 1.1901735272565715e-13
18.656499758803008 7.363641852602188e-14
18.874111797005227 4.6023075738029035e-14
19.09426209263954 2.844020997441768e-14
19.316980252297824 1.4310582855632226e-14
19.542296227907357 3.229431584184164e-15
