3849.5909565252637 1.3643308576009754e-07
3903.0902315631893 2.657410393818534e-07
3957.3330070046322 2.5886723465579897e-07
4012.3296155662606 7.67654448089973e-07
4068.090533562524 1.664792778990303e-06
4124.626382901348 2.4904033283537008e-06
4181.947933107477 3.4440651942774185e-06
4240.06610337394 5.425530512749573e-06
4298.991964642105 7.825707300092175e-06
4358.736741710519 1.024837789083448e-05
4419.311815373194 1.3963751026675913e-05
4480.7287245874595 1.924037004764533e-05
4542.999168672099 2.4028157251716173e-05
4606.1350095358775 2.837235157310014e-05
4670.148273937197 3.360875820810361e-05
4735.051155774997 3.867300556569035e-05
4800.856018411652 4.3233341461641295e-05
4867.575397027993 4.6275659787377646e-05
4935.2220010112105 5.033082758463135e-05
5003.808716375796 5.597312799047862e-05
5073.348608218278 5.937107460460135e-05
5143.8549232059095 6.0240667451115e-05
5215.341092100118 6.047314530748064e-05
5287.820732314845 5.9991853312950683e-05
5361.307650510617 5.986241969562279e-05
5435.815845224494 5.999813649825787e-05
5511.359509536735 5.933211885569683e-05
5587.953033774356 5.888224278770278e-05
5665.61100825243 5.747732255301742e-05
5744.348226053355 5.593919878981985e-05
5824.17968584476 5.463103960886506e-05
5905.12059473669 5.305396009676299e-05
5987.186371178312 5.151709297062686e-05
6070.392647895075 5.002043823045668e-05
6154.755274866495 4.856273923919102e-05
6240.290322345519 4.7142739359768434e-05
6327.014083919647 4.576169522925036e-05
6414.943079614811 4.4415836936452495e-05
6504.0940590421615 4.310516448137483e-05
6594.484004588822 4.183093450107881e-05
6686.130134652754 4.0589377084380126e-05
6779.049906922799 3.938174886834021e-05
6873.261021704094 3.820679321589763e-05
6968.78142528991 3.706325348999094e-05
7065.629313380139 3.5952386327681594e-05
7163.823134547507 3.487042181778527e-05
7263.381593751727 3.3818616597363405e-05
7364.3236559027355 3.279571402935457e-05
7466.6685494731955 3.180171411375876e-05
7570.435770161459 3.08341035764531e-05
7675.645084605177 2.9895395691560468e-05
7782.316534146764 2.898182054789656e-05
7890.470438651029 2.8093378145461365e-05
8000.127400375862 2.7231325121316324e-05
8111.308307896872 2.639314820133857e-05
8224.034340086333 2.557759074846666e-05
8338.326970147675 2.4787166036823466e-05
8454.207969705787 2.4018104155224687e-05
8571.69941295444 2.3271661740731752e-05
8690.823680861058 2.2546582156283226e-05
8811.603465430217 2.1842865401879117e-05
8934.061774026108 2.1159254840457973e-05
9058.221933755356 2.049575047201981e-05
9184.107595910458 1.985235229656462e-05
9311.742740475276 1.922654703996953e-05
9441.151680692832 1.8619591339295987e-05
9572.359067696898 1.8031485194543977e-05
9705.38989520764 1.7459715331590633e-05
9840.269504292832 1.690428175043596e-05
9977.023588194927 1.6366441088141386e-05
10115.67819722552 1.584493670764548e-05
10256.25974372752 1.5338511971886805e-05
10398.795007106608 1.4847166880865364e-05
10543.311138932282 1.4370901434581149e-05
10689.835668110107 1.3908458995972731e-05
10838.396506125651 1.3461096202101544e-05
10989.021952361272 1.3026299778844718e-05
11141.740699487027 1.2605326363263685e-05
11296.581838926179 1.219754763682773e-05
11453.574866396988 1.180183262618156e-05
11612.749687531192 1.1418181331325175e-05
11774.13662357091 1.104646808855243e-05
11937.766417144358 1.0686190243038754e-05
12103.670238122208 1.0337096467371856e-05
12271.879689554951 9.998809770433306e-06
12442.426813693159 9.671078824810819e-06
12615.344098091025 9.353526639385963e-06
12790.664481795127 9.04590188674645e-06
12968.42136161878 8.747827575773851e-06
13148.64859850402 8.459303706468164e-06
13331.380523971564 8.179701960298672e-06
13516.651946660839 7.909022337265375e-06
13704.498158960478 7.6467621825437e-06
13894.954943731389 7.392921496133644e-06
14088.058581122814 7.147123286916779e-06
14283.84585548357 6.909116227480816e-06
14482.354062368882 6.678774654119613e-06
14683.62101564501 6.455721575714737e-06
14887.685054692352 6.239831328560047e-06
15094.58505170861 6.030852585243254e-06
15304.360419113784 5.8285340183520715e-06
15517.051117057608 5.632875627886499e-06
15732.69766103181 5.443374759021963e-06
15951.341129587669 5.260157075464606e-06
16173.023172161324 5.082719922389854e-06
16397.78601700733 4.911188963503851e-06
16625.67247924299 4.7451872076881674e-06
16856.725969003943 4.584463327530513e-06
17090.99049971364 4.429142986737034e-06
17328.510696467205 4.278849194189298e-06
17569.33180453234 4.133456286181163e-06
17813.499697967836 3.992838599006483e-06
18061.060888362415 3.856870468959117e-06
18312.06253369443 3.72542623233292e-06
18566.552447315302 3.5982545617156054e-06
18824.579107057205 3.475229793401029e-06
19086.191664467897 3.3563519273891913e-06
19351.43995417332 3.2413696362678047e-06
19620.374503370906 3.13028292003687e-06
19893.04654145421 3.022840451284099e-06
20169.508009771867 2.918916566303348e-06
20449.81157152182 2.8185112650946185e-06
20734.01062178298 2.7213732202456228e-06
21022.159297686794 2.627628095462503e-06
21314.31248872947 2.5368988996268295e-06
21610.525847228237 2.4493112964447464e-06
21910.85579892224 2.3646139585039653e-06
22215.35955372141 2.282806885804487e-06
22524.095116604058 2.203638750934024e-06
22837.121298666603 2.1272352175987205e-06
23154.497728326147 2.0534706220924323e-06
23476.284862679473 1.9820936370028724e-06
23802.54399901916 1.9131042623300404e-06
24133.337286510483 1.8465024980739369e-06
24468.727738029847 1.782162680528418e-06
24808.7792421685 1.7200848096934836e-06
25153.55657540231 1.6600175581568465e-06
25503.125414431415 1.6020865896246508e-06
25857.552348690613 1.5460405766846088e-06
26216.904893034392 1.4920051830428647e-06
26581.251500597446 1.4397290812871303e-06
26950.661575834725 1.3892122714174063e-06
27325.205487741892 1.340454753433693e-06
27704.954583260303 1.2934565273359895e-06
28089.981200867736 1.2480039648238526e-06
28480.35868435799 1.2041221986385103e-06
28876.161396812553 1.1617609632975055e-06
29277.46473476558 1.120844860577152e-06
29684.345142566675 1.080921501135333e-06
30096.880126942287 1.0428076990619815e-06
30515.148271760496 1.0060007995325235e-06
30939.22925299995 9.704756698057301e-07
31369.203853927873 9.36182044399144e-07
31805.153980487972 9.03082224200922e-07
32247.162676903234 8.711259437286066e-07
32695.31414149451 8.402755038703548e-07
33149.693742719995 8.105057718849379e-07
33610.38803543657 7.817664822898986e-07
34077.484777388156 7.540199359733934e-07
34551.072945922184 7.272535665648084e-07
35031.24275493945 7.014171085816859e-07
35518.08567207842 6.764728629121829e-07
36011.6944361395 6.524082631856852e-07
36512.16307475026 6.291981766609637e-07
37019.58692227738 6.06779771484947e-07
37534.06263798633 5.851530476576349e-07
38055.688224454505 5.642928724377986e-07
38584.56304623956 5.441615467135953e-07
39120.78784880712 5.247339377437959e-07
39664.4647777224 5.059849127871721e-07
40215.69739810724 4.879019054731092e-07
40774.590714368904 4.704597830603787e-07
41341.25119020179 4.536208464371374e-07
41915.78676886829 4.3738509560338537e-07
42498.30689376034 4.2171483144727944e-07
43088.92252924794 4.0661005396881976e-07
43687.74618181609 3.9202049768554875e-07
44294.89192149689 3.7795872896808086e-07
44910.475403598066 3.643996150751873e-07
45534.61389073484 3.51305456895025e-07
46167.42627516664 3.386888207982084e-07
46809.03310144558 3.265120076728944e-07
47459.55658937835 3.1477501751908296e-07
48119.12065730856 3.034527175955453e-07
48787.85094572127 2.925199751610528e-07
49465.87484117702 2.8198935658621985e-07
50153.321500576916 2.718357291298176e-07
50850.321875766596 2.6203396005061746e-07
51557.0087384804 2.5258404934861936e-07
52273.51670563398 2.4347343065320894e-07
52999.982264966595 2.346895375937719e-07
53736.54380104148 2.2620723742907946e-07
54483.34162160639 2.1803909652974601e-07
55240.51798432056 2.1015998215454281e-07
56008.217123854134 2.025573279328555e-07
56786.58527936256 1.952311338646841e-07
57575.770722344656 1.8816883357941426e-07
58375.92378488591 1.813578607064316e-07
59187.19688829625 1.7479821524573608e-07
60009.744572143805 1.6846476445609906e-07
60843.72352369419 1.623575083375205e-07
61689.2926077569 1.5647644689000042e-07
62546.61289694847 1.5079644737231008e-07
63415.84770237424 1.4533007615506384e-07
64297.16260473853 1.4005220049703298e-07
65190.72548588514 1.3497538676883187e-07
66096.70656077818 1.3006193585861744e-07
67015.27840992535 1.2534326369292556e-07
67946.61601225386 1.2078795434522035e-07
68890.89677844117 1.1639726445256327e-07
69848.30058471099 1.1216491082964711e-07
70819.00980709694 1.0808461029116468e-07
71803.20935618442 1.0415133628887026e-07
72801.08671233321 1.0036131891157953e-07
73812.83196139157 9.670701833692389e-08
74838.63783090533 9.3184664653719e-08
75878.69972683015 8.978923131371917e-08
76933.21577075552 8.651694840574003e-08
78002.38683764367 8.336404601859732e-08
79086.41659409564 8.032424096698383e-08
80185.5115371464 7.739376333971527e-08
81299.88103360188 7.457009986266877e-08
82429.73735991989 7.184948062466e-08
83575.29574264813 6.92256224403818e-08
84736.77439942134 6.669852530983417e-08
85914.39458053098 6.426190604770994e-08
87108.38061106988 6.191450801694764e-08
88318.95993366533 5.965130466930156e-08
89546.36315180332 5.747103936771024e-08
90790.82407375761 5.5369942200989384e-08
92052.5797571265 5.334424325795469e-08
93331.8705539914 5.139394253860614e-08
94628.94015670012 4.951275685763657e-08
95944.03564428937 4.7700686215045986e-08
97277.40752954928 4.595521733671149e-08
98629.30980674532 4.42725803114488e-08
100000.0 4.2654031776319334e-08
