0.1 0.3045225710833205
0.10138973921235028 0.3045225710833205
0.102798792175484 0.3045225710833205
0.10422742730016918 0.3045225710833205
0.10567591672738348 0.3045225710833205
0.10714453638015457 0.3045225710833205
0.1086335660161205 0.3045225710833205
0.11014328928082094 0.3045225710833205
0.11167399376172892 0.3045225710833205
0.11322597104303325 0.3045225710833205
0.11479951676118266 0.3045225710833205
0.11639493066120145 0.3045225710833205
0.11801251665378809 0.3045225710833205
0.11965258287320718 0.3045225710833205
0.12131544173598606 0.3045225710833205
0.123001410000427 0.3045225710833205
0.12471080882694667 0.3045225710833205
0.12644396383925394 0.3045225710833205
0.12820120518637806 0.3045225710833205
0.1299828676055588 0.3045225710833205
0.13178929048601057 0.3045225710833205
0.1336208179335729 0.3045225710833205
0.13547779883625893 0.3045225710833205
0.13736058693071546 0.3045225710833205
0.1392695408696061 0.3045225710833205
0.14120502428993123 0.3045225710833205
0.14316740588229715 0.3045225710833205
0.14515705946114807 0.3045225710833205
0.14717436403597425 0.3045225710833205
0.14921970388350933 0.3045225710833205
0.15129346862093146 0.3045225710833205
0.1533960532800814 0.3045225710833205
0.15552785838271238 0.3045225710833205
0.15768929001678555 0.3045225710833205
0.15988075991382558 0.3045225710833205
0.16210268552735163 0.3045225710833205
0.1643554901123981 0.3045225710833205
0.1666396028061406 0.3045225710833205
0.1689554587096423 0.3045225710833205
0.17130349897073643 0.3045225710833205
0.17368417086806082 0.3045225710833205
0.17609792789625972 0.3045225710833205
0.17854522985237037 0.3045225710833205
0.18102654292340967 0.3045225710833205
0.1835423397751784 0.3045225710833205
0.18609309964229925 0.3045225710833205
0.18867930841950636 0.3045225710833205
0.19130145875420357 0.3045225710833205
0.19396005014030884 0.3045225710833205
0.196655589013403 0.3045225710833205
0.19938858884720065 0.3045225710833205
0.20215957025136203 0.3045225710833205
0.20496906107066404 0.3045225710833205
0.20781759648554926 0.3045225710833205
0.21070571911407276 0.3045225710833205
0.21363397911526566 0.3045225710833205
0.21660293429393473 0.3045225710833205
0.21961315020691885 0.3045225710833205
0.22266520027082212 0.3045225710833205
0.22575966587124405 0.3045225710833205
0.2288971364735277 0.3045225710833205
0.23207820973504725 0.3045225710833205
0.23530349161905573 0.3045225710833205
0.23857359651011506 0.3045225710833205
0.24188914733113046 0.3045225710833205
0.24525077566201092 0.3045225710833205
0.24865912185997904 0.3045225710833205
0.25211483518155303 0.3045225710833205
0.2556185739062234 0.3045225710833205
0.25917100546184874 0.3045225710833205
0.2627728065517946 0.3045225710833205
0.2664246632838382 0.3045225710833205
0.2701272713008659 0.3045225710833205
0.27388133591338587 0.3045225710833205
0.277687572233883 0.3045225710833205
0.2815467053130407 0.3045225710833205
0.28545947027785634 0.3045225710833205
0.2894266124716751 0.3045225710833205
0.293448887596171 0.3045225710833205
0.2975270618553007 0.3045225710833205
0.3016619121012575 0.3045225710833205
0.3058542259824543 0.3045225710833205
0.3101048020935629 0.3045225710833205
0.3144144501276384 0.3045225710833205
0.3187839910303577 0.3045225710833205
0.32321425715640173 0.3045225710833205
0.3277060924280109 0.3045225710833205
0.3322603524957438 0.3045225710833205
0.33687790490147046 0.3045225710833205
0.3415596292436303 0.3045225710833205
0.3463064173447873 0.3045225710833205
0.3511191734215131 0.3045225710833205
0.35599881425663205 0.3045225710833205
0.36094626937385854 0.3045225710833205
0.3659624812148625 0.3045225710833205
0.3710484053187955 0.3045225710833205
0.3762050105043112 0.3045225710833205
0.381433279054116 0.3045225710833205
0.38673420690208454 0.3045225710833205
0.3921088038229747 0.3045225710833205
0.39755809362478023 0.3045225710833205
0.40308311434375604 0.3045225710833205
0.4086849184421538 0.3045225710833205
0.4143645730087062 0.3045225710833205
0.42012315996189603 0.3045225710833205
0.4259617762560516 0.3045225710833205
0.4318815340903057 0.3045225710833205
0.4378835611204587 0.3045225710833205
0.44396900067378536 0.3045225710833205
0.45013901196682865 0.3045225710833205
0.4563947703262178 0.3045225710833205
0.4627374674125573 0.3045225710833205
0.46916831144742616 0.3045225710833205
0.47568852744353274 0.3045225710833205
0.48229935743806707 0.3045225710833205
0.4890020607292973 0.3045225710833205
0.4957979141164533 0.3045225710833205
0.5026882121429445 0.3045225710833205
0.5096742673429575 0.3045225710833205
0.5167574104914816 0.3045225710833205
0.5239389908578075 0.3045225710833205
0.5312203764625508 0.3045225710833205
0.5386029543382457 0.3045225710833205
0.5460881307935613 0.3045225710833205
0.5536773316811902 0.3045225710833205
0.5613720026694584 0.3045225710833205
0.5691736095177118 0.3045225710833205
0.5770836383555289 0.3045225710833205
0.5851035959658134 0.3045225710833205
0.5932350100718219 0.3045225710833205
0.6014794296281801 0.3045225710833205
0.6098384251159437 0.3045225710833205
0.6183135888417592 0.3045225710833205
0.6269065352411836 0.3045225710833205
0.6356189011862168 0.3045225710833205
0.6444523462971117 0.3045225710833205
0.653408553258514 0.3045225710833205
0.6624892281399981 0.3045225710833205
0.6716961007210565 0.3045225710833205
0.6810309248206048 0.3045225710833205
0.6904954786310685 0.3045225710833205
0.7000915650571102 0.3045225710833205
0.7098210120590657 0.3045225710833205
0.7196856730011519 0.3045225710833205
0.7296874270045159 0.3045225710833205
0.7398281793051876 0.3045225710833205
0.750109861617009 0.3045225710833205
0.760534432499607 0.3045225710833205
0.7711038777314797 0.3045225710833205
0.7818202106882675 0.3045225710833205
0.7926854727262819 0.3045225710833205
0.8037017335713632 0.3045225710833205
0.8148710917131434 0.3045225710833205
0.8261956748047878 0.3045225710833205
0.837677640068292 0.3045225710833205
0.8493191747054113 0.3045225710833205
0.8611224963143022 0.3045225710833205
0.8730898533119517 0.3045225710833205
0.8852235253624794 0.3045225710833205
0.8975258238113913 0.3045225710833205
0.9099990921258679 0.3045225710833205
0.9226457063411727 0.3045225710833205
0.9354680755132622 0.3045225710833205
0.9484686421776886 0.3045225710833205
0.9616498828148782 0.3045225710833205
0.9750143083218771 0.3045225710833205
0.9885644644906518 0.3045225710833205
1.0023029324930393 0.3045225710833205
1.0162323293724318 0.3045225710833205
1.0303553085423007 0.3045225710833205
1.0446745602916458 0.3045225710833205
1.0591928122974668 0.3045225710833205
1.0739128301443603 0.3045225710833205
1.0888374178513371 0.3045225710833205
1.1039694184059594 0.3045225710833205
1.1193117143059024 0.3045225710833205
1.1348672281080416 0.3045225710833205
1.150638922985172 0.3045225710833205
1.1666298032904618 0.3045225710833205
1.1828429151297544 0.3045225710833205
1.1992813469418198 0.3045225710833205
1.2159482300866722 0.3045225710833205
1.232846739442066 0.3045225710833205
1.2499800940082741 0.3045225710833205
1.2673515575212801 0.3045225710833205
1.2849644390744854 0.3045225710833205
1.3028220937490604 0.3045225710833205
1.320927923253054 0.3045225710833205
1.339285376569386 0.3045225710833205
1.357897950612844 0.3045225710833205
1.3767691908962114 0.3045225710833205
1.3959026922056539 0.3045225710833205
1.415302099285489 0.3045225710833205
1.4349711075324756 0.3045225710833205
1.4549134636997514 0.3045225710833205
1.4751329666105506 0.3045225710833205
1.4956334678818435 0.3045225710833205
1.5164188726580317 0.3045225710833205
1.5374931403548404 0.3045225710833205
1.5588602854135476 0.3045225710833205
1.580524378065695 0.3045225710833205
1.6024895451084296 0.3045225710833205
1.624759970690615 0.3045225710833205
1.6473398971098734 0.3045225710833205
1.6702336256206993 0.3045225710833205
1.6934455172538099 0.3045225710833205
1.7169799936468741 0.3045225710833205
1.7408415378867943 0.3045225710833205
1.7650346953636886 0.3045225710833205
1.7895640746367452 0.3045225710833205
1.8144343483121055 0.3045225710833205
1.8396502539329511 0.3045225710833205
1.865216594881959 0.3045225710833205
1.8911382412962983 0.3045225710833205
1.9174201309953445 0.3045225710833205
1.944067270421285 0.3045225710833205
1.9710847355927963 0.3045225710833205
1.9984776730719802 0.3045225710833205
2.026251300944727 0.3045225710833205
2.0544109098147136 0.3045225710833205
2.082961863811211 0.3045225710833205
2.111909601610898 0.3045225710833205
2.141259637473875 0.3045225710833205
2.171017562294079 0.3045225710833205
2.2011890446642908 0.3045225710833205
2.231779831955949 0.3045225710833205
2.2627957514139663 0.3045225710833205
2.294242711266761 0.3045225710833205
2.3261267018517238 0.3045225710833205
2.3584537967563075 0.3045225710833205
2.391230153974994 0.3045225710833205
2.424462017082328 0.3045225710833205
2.45815571642226 0.3045225710833205
2.49231767031401 0.3045225710833205
2.526954386274699 0.3045225710833205
2.562072462258964 0.3045225710833205
2.597678587915805 0.3045225710833205
2.633779545862898 0.3045225710833205
2.670382212978616 0.3045225710833205
2.7074935617120057 0.3045225710833205
2.7451206614109767 0.3045225710833205
2.7832706796689344 0.3045225710833205
2.821950883690142 0.3045225710833205
2.861168641674049 0.3045225710833205
2.9009314242188635 0.3045225710833205
2.9412468057446244 0.3045225710833205
2.9821224659360577 0.3045225710833205
3.0235661912054783 0.3045225710833205
3.065585876176027 0.3045225710833205
3.1081895251855167 0.3045225710833205
3.151385253811184 0.3045225710833205
3.195181290415621 0.3045225710833205
3.2395859777142064 0.3045225710833205
3.2846077743643023 0.3045225710833205
3.3302552565765486 0.3045225710833205
3.3765371197485496 0.3045225710833205
3.423462180121258 0.3045225710833205
3.471039376458385 0.3045225710833205
3.519277771749146 0.3045225710833205
3.568186554934671 0.3045225710833205
3.6177750426584088 0.3045225710833205
3.668052681040855 0.3045225710833205
3.719029047478944 0.3045225710833205
3.7707138524704558 0.3045225710833205
3.823116941463762 0.3045225710833205
3.8762482967332903 0.3045225710833205
3.930118039281053 0.3045225710833205
3.9847364307645936 0.3045225710833205
4.040113875451737 0.3045225710833205
4.096260922202494 0.3045225710833205
4.153188266478523 0.3045225710833205
4.210906752380506 0.3045225710833205
4.269427374713844 0.3045225710833205
4.328761281083059 0.3045225710833205
4.388919774015305 0.3045225710833205
4.449914313113391 0.3045225710833205
4.511756517238715 0.3045225710833205
4.574458166724551 0.3045225710833205
4.6380312056200825 0.3045225710833205
4.702487743965627 0.3045225710833205
4.767840060099483 0.3045225710833205
4.834100602996831 0.3045225710833205
4.90128199464114 0.3045225710833205
4.969397032428532 0.3045225710833205
5.0384586916055625 0.3045225710833205
5.108480127740876 0.3045225710833205
5.17947467923121 0.3045225710833205
5.25145586984224 0.3045225710833205
5.324437411284708 0.3045225710833205
5.398433205826381 0.3045225710833205
5.473457348940288 0.3045225710833205
5.549524131989779 0.3045225710833205
5.626648044950883 0.3045225710833205
5.7048437791725055 0.3045225710833205
5.784126230174992 0.3045225710833205
5.864510500487572 0.3045225710833205
5.946011902525248 0.3045225710833205
6.028645961505653 0.3045225710833205
6.112428418406469 0.3045225710833205
6.197375232963906 0.3045225710833205
6.283502586712889 0.3045225710833205
6.370826886069483 0.3045225710833205
6.4593647654561455 0.3045225710833205
6.549133090470427 0.3045225710833205
6.640148961097703 0.3045225710833205
6.732429714968547 0.3045225710833205
6.825992930661387 0.3045225710833205
6.920856431051047 0.3045225710833205
7.01703828670383 0.3045225710833205
7.114556819319781 0.3045225710833205
7.213430605222809 0.3045225710833205
7.313678478899267 0.3045225710833205
7.415319536585754 0.3045225710833205
7.518373139906758 0.3045225710833205
7.622858919562853 0.3045225710833205
7.728796779070159 0.3045225710833205
7.836206898551763 0.3045225710833205
7.945109738581834 0.3045225710833205
8.055526044083168 0.3045225710833205
8.16747684827888 0.3045225710833205
8.280983476699038 0.3045225710833205
8.396067551242973 0.3045225710833205
8.512750994298015 0.3045225710833205
8.631056032915513 0.3045225710833205
8.751005203044864 0.3045225710833205
8.872621353826393 0.3045225710833205
8.995927651943882 0.3045225710833205
9.120947586037609 0.3045225710833205
9.24770497117869 0.3045225710833205
9.376223953405626 0.3045225710833205
9.506529014323885 0.3045225710833205
9.6386449757694 0.3045225710833205
9.772597004536893 0.3045225710833205
9.908410617173912 0.3045225710833205
10.046111684841462 0.3045225710833205
10.185726438242206 0.3045225710833205
10.327281472617187 0.3045225710833205
10.470803752811934 0.3045225710833205
10.616320618412995 0.3045225710833205
10.76385978895591 0.3045225710833205
10.913449369205434 0.3045225710833205
11.065117854509277 0.3045225710833205
11.218894136226165 0.3045225710833205
11.374807507229367 0.3045225710833205
11.532887667486696 0.3045225710833205
11.693164729718069 0.3045225710833205
11.855669225131674 0.3045225710833205
12.020432109239874 0.3045225710833205
12.187484767755924 0.3045225710833205
12.356859022572646 0.3045225710833205
12.528587137824182 0.3045225710833205
12.702701826031998 0.3045225710833205
12.8792362543363 0.3045225710833205
13.058224050814045 0.3045225710833205
13.239699310884763 0.3045225710833205
13.4236966038054 0.3045225710833205
13.610250979255417 0.3045225710833205
13.799397974013417 0.3045225710833205
13.991173618726553 0.3045225710833205
14.185614444774004 0.3045225710833205
14.382757491225853 0.3045225710833205
14.582640311898652 0.3045225710833205
14.785300982509106 0.3045225710833205
14.990778107927047 0.3045225710833205
15.199110829529332 0.3045225710833205
15.41033883265588 0.3045225710833205
15.62450235416934 0.3045225710833205
15.841642190119824 0.3045225710833205
16.061799703516147 0.3045225710833205
16.28501683220507 0.3045225710833205
16.51133609686007 0.3045225710833205
16.74080060908108 0.3045225710833205
16.973454079606856 0.3045225710833205
17.20934082664142 0.3045225710833205
17.448505784296263 0.3045225710833205
17.690994511149835 0.3045225710833205
17.93685319892602 0.3045225710833205
18.1861286812932 0.3045225710833205
18.438868442785616 0.3045225710833205
18.695120627848688 0.3045225710833205
18.95493405001009 0.3045225710833205
19.218358201178212 0.3045225710833205
19.48544326106992 0.3045225710833205
19.756240106769276 0.3045225710833205
20.030800322419122 0.3045225710833205
20.309176209047347 0.3045225710833205
20.591420794529792 0.3045225710833205
20.877587843691423 0.3045225710833205
21.167731868548078 0.3045225710833205
21.461908138690458 0.3045225710833205
21.760172691812436 0.3045225710833205
22.062582344385692 0.3045225710833205
22.36919470248269 0.3045225710833205
22.680068172750076 0.3045225710833205
22.99526197353456 0.3045225710833205
23.314836146163444 0.3045225710833205
23.63885156638189 0.3045225710833205
23.96736995594918 0.3045225710833205
24.300453894396068 0.3045225710833205
24.63816683094559 0.3045225710833205
24.980573096599525 0.3045225710833205
25.327737916392792 0.3045225710833205
25.679727421818214 0.3045225710833205
26.036608663423888 0.3045225710833205
26.39844962358568 0.3045225710833205
26.765319229457187 0.3045225710833205
27.137287366099685 0.3045225710833205
27.51442488979455 0.3045225710833205
27.896803641540664 0.3045225710833205
28.284496460739515 0.3045225710833205
28.67757719907024 0.3045225710833205
29.076120734557744 0.3045225710833205
29.480202985836204 0.3045225710833205
29.889900926610828 0.3045225710833205
30.305292600320588 0.3045225710833205
30.726457135004733 0.3045225710833205
31.153474758375893 0.3045225710833205
31.58642681310269 0.3045225710833205
32.025395772304705 0.3045225710833205
32.470465255262795 0.3045225710833205
32.921720043347754 0.3045225710833205
33.37924609617034 0.3045225710833205
33.84313056795572 0.3045225710833205
34.313461824145506 0.3045225710833205
34.7903294582305 0.3045225710833205
35.27382430881738 0.3045225710833205
35.76403847693256 0.3045225710833205
36.261065343566536 0.3045225710833205
36.764999587462036 0.3045225710833205
37.27593720314942 0.3045225710833205
37.79397551923265 0.3045225710833205
38.319213216929455 0.3045225710833205
38.85175034886924 0.3045225710833205
39.39168835815191 0.3045225710833205
39.93913009767197 0.3045225710833205
40.49417984971091 0.3045225710833205
41.05694334580199 0.3045225710833205
41.62752778687104 0.3045225710833205
42.2060418636572 0.3045225710833205
42.79259577741742 0.3045225710833205
43.38730126091874 0.3045225710833205
43.99027159972227 0.3045225710833205
44.601621653763004 0.3045225710833205
45.221467879229465 0.3045225710833205
45.849928350747504 0.3045225710833205
46.48712278387235 0.3045225710833205
47.133172557893246 0.3045225710833205
47.78820073895501 0.3045225710833205
48.452332103500936 0.3045225710833205
49.12569316204147 0.3045225710833205
49.808412183253246 0.3045225710833205
50.50061921841297 0.3045225710833205
51.20244612617096 0.3045225710833205
51.91402659766889 0.3045225710833205
52.63549618200659 0.3045225710833205
53.36699231206307 0.3045225710833205
54.108654330675776 0.3045225710833205
54.860623517184244 0.3045225710833205
55.623043114342416 0.3045225710833205
56.396058355604936 0.3045225710833205
57.179816492792725 0.3045225710833205
57.974466824143 0.3045225710833205
58.780160722749116 0.3045225710833205
59.59705166539568 0.3045225710833205
60.425295261794346 0.3045225710833205
61.26504928422594 0.3045225710833205
62.11647369759455 0.3045225710833205
62.97973068989927 0.3045225710833205
63.85498470312941 0.3045225710833205
64.74240246458908 0.3045225710833205
65.6421530186571 0.3045225710833205
66.55440775898835 0.3045225710833205
67.47934046116251 0.3045225710833205
68.41712731578664 0.3045225710833205
69.36794696205774 0.3045225710833205
70.3319805217918 0.3045225710833205
71.3094116339257 0.3045225710833205
72.30042648949865 0.3045225710833205
73.30521386711963 0.3045225710833205
74.32396516892823 0.3045225710833205
75.35687445705439 0.3045225710833205
76.40413849058565 0.3045225710833205
77.46595676304773 0.3045225710833205
78.54253154040612 0.3045225710833205
79.63406789959573 0.3045225710833205
80.74077376758606 0.3045225710833205
81.86285996098924 0.3045225710833205
83.0005402262185 0.3045225710833205
84.15403128020483 0.3045225710833205
85.32355285167937 0.3045225710833205
86.50932772302957 0.3045225710833205
87.71158177273712 0.3045225710833205
88.93054401840554 0.3045225710833205
90.16644666038574 0.3045225710833205
91.41952512600803 0.3045225710833205
92.69001811442858 0.3045225710833205
93.97816764209938 0.3045225710833205
95.28421908886992 0.3045225710833205
96.6084212447297 0.3045225710833205
97.95102635720025 0.3045225710833205
99.31229017938581 0.3045225710833205
100.69247201869173 0.3045225710833205
102.09183478622033 0.3045225710833205
103.5106450468523 0.3045225710833205
104.94917307002513 0.3045225710833205
106.40769288121662 0.3045225710833205
107.88648231414415 0.3045225710833205
109.38582306368916 0.3045225710833205
110.90600073955736 0.3045225710833205
112.44730492068447 0.3045225710833205
114.01002921039832 0.3045225710833205
115.59447129234724 0.3045225710833205
117.20093298720597 0.3045225710833205
118.82972031016955 0.3045225710833205
120.48114352924614 0.3045225710833205
122.15551722436011 0.3045225710833205
123.85316034727634 0.3045225710833205
125.57439628235751 0.3045225710833205
127.31955290816556 0.3045225710833205
129.08896265991942 0.3045225710833205
130.88296259282052 0.3045225710833205
132.7018944462587 0.3045225710833205
134.54610470891004 0.3045225710833205
136.41594468473963 0.3045225710833205
138.3117705599214 0.3045225710833205
140.2339434706886 0.3045225710833205
142.18282957212585 0.3045225710833205
144.15880010791886 0.3045225710833205
146.16223148107227 0.3045225710833205
148.19350532561091 0.3045225710833205
150.25300857927735 0.3045225710833205
152.3411335572396 0.3045225710833205
154.45827802682348 0.3045225710833205
156.60484528328325 0.3045225710833205
158.78124422662555 0.3045225710833205
160.98788943950063 0.3045225710833205
163.22520126617647 0.3045225710833205
165.49360589261022 0.3045225710833205
167.79353542763224 0.3045225710833205
170.1254279852589 0.3045225710833205
172.4897277681488 0.3045225710833205
174.886885152219 0.3045225710833205
177.31735677243742 0.3045225710833205
179.78160560980703 0.3045225710833205
182.28010107955944 0.3045225710833205
184.81331912057382 0.3045225710833205
187.3817422860385 0.3045225710833205
189.98585983537254 0.3045225710833205
192.62616782742555 0.3045225710833205
195.30316921497095 0.3045225710833205
198.0173739405142 0.3045225710833205
200.76929903343182 0.3045225710833205
203.55946870846023 0.3045225710833205
206.3884144655536 0.3045225710833205
209.25667519112943 0.3045225710833205
212.16479726072103 0.3045225710833205
215.11333464305673 0.3045225710833205
218.10284900558557 0.3045225710833205
221.13390982146933 0.3045225710833205
224.2070944780616 0.3045225710833205
227.32298838689448 0.3045225710833205
230.4821850951936 0.3045225710833205
233.68528639894328 0.3045225710833205
236.93290245752246 0.3045225710833205
240.2256519099343 0.3045225710833205
243.56416199265075 0.3045225710833205
246.949068659095 0.3045225710833205
250.38101670078424 0.3045225710833205
253.86065987015635 0.3045225710833205
257.3886610051031 0.3045225710833205
260.96569215523436 0.3045225710833205
264.5924347098967 0.3045225710833205
268.26957952797244 0.3045225710833205
271.9978270694799 0.3045225710833205
275.77788752900517 0.3045225710833205
279.61048097098706 0.3045225710833205
283.49633746688204 0.3045225710833205
287.4361972342362 0.3045225710833205
291.4308107776889 0.3045225710833205
295.48093903193677 0.3045225710833205
299.58735350668445 0.3045225710833205
303.7508364336093 0.3045225710833205
307.9721809153691 0.3045225710833205
312.2521910766804 0.3045225710833205
316.59168221749593 0.3045225710833205
320.99148096831186 0.3045225710833205
325.4524254476324 0.3045225710833205
329.9753654216232 0.3045225710833205
334.5611624659836 0.3045225710833205
339.2106901300684 0.3045225710833205
343.9248341032899 0.3045225710833205
348.704492383834 0.3045225710833205
353.55057544971913 0.3045225710833205
358.464006432234 0.3045225710833205
363.4457212917842 0.3045225710833205
368.4966689961854 0.3045225710833205
373.61781170143007 0.3045225710833205
378.81012493496985 0.3045225710833205
384.07459778154424 0.3045225710833205
389.412233071591 0.3045225710833205
394.82404757227573 0.3045225710833205
400.3110721811762 0.3045225710833205
405.87435212265785 0.3045225710833205
411.51494714697907 0.3045225710833205
417.2339317321632 0.3045225710833205
423.0323952886759 0.3045225710833205
428.91144236694726 0.3045225710833205
434.8721928677779 0.3045225710833205
440.91578225566894 0.3045225710833205
447.043361775117 0.3045225710833205
453.2560986699147 0.3045225710833205
459.5551764054996 0.3045225710833205
465.94179489439233 0.3045225710833205
472.4171707247685 0.3045225710833205
478.9825373922063 0.3045225710833205
485.63914553465617 0.3045225710833205
492.3882631706742 0.3045225710833205
499.23117594096703 0.3045225710833205
506.1691873532961 0.3045225710833205
513.2036190307796 0.3045225710833205
520.335810963651 0.3045225710833205
527.5671217645138 0.3045225710833205
534.898928927143 0.3045225710833205
542.3326290888851 0.3045225710833205
549.8696382967037 0.3045225710833205
557.5113922769216 0.3045225710833205
565.259346708714 0.3045225710833205
573.1149775014 0.3045225710833205
581.0797810755895 0.3045225710833205
589.1552746482361 0.3045225710833205
597.3429965216526 0.3045225710833205
605.6445063765423 0.3045225710833205
614.0613855691023 0.3045225710833205
622.5952374322576 0.3045225710833205
631.247687581079 0.3045225710833205
640.0203842224477 0.3045225710833205
648.914998469022 0.3045225710833205
657.9332246575682 0.3045225710833205
667.0767806717151 0.3045225710833205
676.3474082691938 0.3045225710833205
685.746873413625 0.3045225710833205
695.2769666109202 0.3045225710833205
704.9395032503518 0.3045225710833205
714.7363239503692 0.3045225710833205
724.6692949092184 0.3045225710833205
734.7403082604341 0.3045225710833205
744.9512824332727 0.3045225710833205
755.3041625181542 0.3045225710833205
765.8009206371829 0.3045225710833205
776.4435563198173 0.3045225710833205
787.2340968837608 0.3045225710833205
798.1745978211461 0.3045225710833205
809.2671431900857 0.3045225710833205
820.5138460116652 0.3045225710833205
831.9168486724528 0.3045225710833205
843.4783233326026 0.3045225710833205
855.2004723396304 0.3045225710833205
867.0855286479392 0.3045225710833205
879.1357562441743 0.3045225710833205
891.3534505784918 0.3045225710833205
903.7409390018184 0.3045225710833205
916.3005812091893 0.3045225710833205
929.034769689247 0.3045225710833205
941.9459301799866 0.3045225710833205
955.0365221308344 0.3045225710833205
968.3090391711531 0.3045225710833205
981.7660095852468 0.3045225710833205
995.4099967939796 0.3045225710833205
1009.2435998430814 0.3045225710833205
1023.2694538982352 0.3045225710833205
1037.4902307470625 0.3045225710833205
1051.9086393080568 0.3045225710833205
1066.5274261466222 0.3045225710833205
1081.349375998251 0.3045225710833205
1096.3773122990049 0.3045225710833205
1111.6140977233351 0.3045225710833205
1127.062634729409 0.3045225710833205
1142.725866111993 0.3045225710833205
1158.6067755630195 0.3045225710833205
1174.7083882399672 0.3045225710833205
1191.033771342105 0.3045225710833205
1207.5860346947818 0.3045225710833205
1224.3683313417998 0.3045225710833205
1241.3838581460568 0.3045225710833205
1258.6358563984982 0.3045225710833205
1276.1276124355702 0.3045225710833205
1293.8624582652153 0.3045225710833205
1311.8437722016079 0.3045225710833205
1330.0749795086672 0.3045225710833205
1348.5595530525607 0.3045225710833205
1367.3010139632263 0.3045225710833205
1386.3029323051378 0.3045225710833205
1405.5689277573426 0.3045225710833205
1425.1026703029993 0.3045225710833205
1444.9078809284495 0.3045225710833205
1464.9883323320532 0.3045225710833205
1485.3478496428268 0.3045225710833205
1505.9903111491162 0.3045225710833205
1526.91964903735 0.3045225710833205
1548.1398501411018 0.3045225710833205
1569.6549567005352 0.3045225710833205
1591.4690671324008 0.3045225710833205
1613.5863368107666 0.3045225710833205
1636.0109788585507 0.3045225710833205
1658.7472649501053 0.3045225710833205
1681.7995261249032 0.3045225710833205
1705.1721536125838 0.3045225710833205
1728.869599669414 0.3045225710833205
1752.896378426425 0.3045225710833205
1777.2570667492832 0.3045225710833205
1801.956305110166 0.3045225710833205
1826.9987984716986 0.3045225710833205
1852.3893171832303 0.3045225710833205
1878.1326978895113 0.3045225710833205
1904.233844452056 0.3045225710833205
1930.6977288832495 0.3045225710833205
1957.5293922934984 0.3045225710833205
1984.7339458514814 0.3045225710833205
2012.3165717578086 0.3045225710833205
2040.2825242321476 0.3045225710833205
2068.6371305141342 0.3045225710833205
2097.3857918781246 0.3045225710833205
2126.533984662116 0.3045225710833205
2156.0872613109227 0.3045225710833205
2186.0512514338475 0.3045225710833205
2216.4316628771003 0.3045225710833205
2247.234282811048 0.3045225710833205
2278.4649788326547 0.3045225710833205
2310.1297000831582 0.3045225710833205
2342.234478381366 0.3045225710833205
2374.7854293726177 0.3045225710833205
2407.7887536937924 0.3045225710833205
2441.250738154433 0.3045225710833205
2475.177756934358 0.3045225710833205
2509.5762727978445 0.3045225710833205
2544.4528383247575 0.3045225710833205
2579.8140971587136 0.3045225710833205
2615.6667852726714 0.3045225710833205
2652.017732252025 0.3045225710833205
2688.873862595617 0.3045225710833205
2726.242197034743 0.3045225710833205
2764.1298538705773 0.3045225710833205
2802.5440503300947 0.3045225710833205
2841.4921039409246 0.3045225710833205
2880.9814339252257 0.3045225710833205
2921.019562613013 0.3045225710833205
2961.614116875072 0.3045225710833205
3002.7728295757834 0.3045225710833205
3044.503541046201 0.3045225710833205
3086.81420057751 0.3045225710833205
3129.712867935336 0.3045225710833205
3173.2077148950025 0.3045225710833205
3217.307026798226 0.3045225710833205
3262.0192041313385 0.3045225710833205
3307.352764125552 0.3045225710833205
3353.316342379352 0.3045225710833205
3399.9186945035517 0.3045225710833205
3447.1686977890918 0.3045225710833205
3495.075352898135 0.3045225710833205
3543.647785578547 0.3045225710833205
3592.895248402318 0.3045225710833205
3642.8271225280314 0.3045225710833205
3693.4529194879387 0.3045225710833205
3744.782282999755 0.3045225710833205
3796.824990803753 0.3045225710833205
3849.5909565252637 0.30451218669358115
3903.0902315631893 0.3044979598322787
3957.3330070046322 0.3044721868195491
4012.3296155662606 0.30440750743047856
4068.090533562524 0.3042915574561769
4124.626382901348 0.30412288255202213
4181.947933107477 0.3038693545657663
4240.06610337394 0.30348307953181186
4298.991964642105 0.30294624635599604
4358.736741710519 0.30221845466761527
4419.311815373194 0.3012070772207875
4480.7287245874595 0.29986507574710525
4542.999168672099 0.29821438202940764
4606.1350095358775 0.29623491893298515
4670.148273937197 0.2938927367408699
4735.051155774997 0.29120026073229
4800.856018411652 0.2882151850278232
4867.575397027993 0.28494923919813014
4935.2220010112105 0.28130670053984985
5003.808716375796 0.2772970775302874
5073.348608218278 0.2730803897242563
5143.8549232059095 0.2687656919410815
5215.341092100118 0.2644001254116176
5287.820732314845 0.2599962774853465
5361.307650510617 0.2555309709337066
5435.815845224494 0.2510237532272099
5511.359509536735 0.2464965874265943
5587.953033774356 0.24197880839066604
5665.61100825243 0.23751417075842463
5744.348226053355 0.2331010050289264
5824.17968584476 0.22874340256350031
5905.12059473669 0.22445300424537468
5987.186371178312 0.22022917345852944
6070.392647895075 0.21607125006076666
6154.755274866495 0.21197860379646644
6240.290322345519 0.20795052727788463
6327.014083919647 0.20398634784262026
6414.943079614811 0.20008548239238572
6504.0940590421615 0.19624721818252933
6594.484004588822 0.19247088343493368
6686.130134652754 0.18875584551996005
6779.049906922799 0.18510140070613404
6873.261021704094 0.18150689031478812
6968.78142528991 0.17797158161156337
7065.629313380139 0.1744947932516841
7163.823134547507 0.17107589353463099
7263.381593751727 0.16771418260784848
7364.3236559027355 0.16440895207107434
7466.6685494731955 0.16115955372333166
7570.435770161459 0.1579652672608871
7675.645084605177 0.15482537237948574
7782.316534146764 0.1517392794020246
7890.470438651029 0.14870626419385938
8000.127400375862 0.14572560534877477
8111.308307896872 0.142796723952804
8224.034340086333 0.13991890391004366
8338.326970147675 0.13709143873071106
8454.207969705787 0.13431369890593456
8571.69941295444 0.1315849936958012
8690.823680861058 0.128904642081435
8811.603465430217 0.12627197672267348
8934.061774026108 0.1236863441292888
9058.221933755356 0.12114702873891067
9184.107595910458 0.11865341331940554
9311.742740475276 0.11620489928527059
9441.151680692832 0.11380074841792837
9572.359067696898 0.11144032825682573
9705.38989520764 0.10912311500281244
9840.269504292832 0.10684844416639883
9977.023588194927 0.1046155944605876
10115.67819722552 0.10242396033517648
10256.25974372752 0.10027296904814215
10398.795007106608 0.09816199410214377
10543.311138932282 0.09609044673312833
10689.835668110107 0.094057682207554
10838.396506125651 0.09206309879905406
10989.021952361272 0.0901061338216955
11141.740699487027 0.08818612683175425
11296.581838926179 0.08630250133545825
11453.574866396988 0.08445471896229148
11612.749687531192 0.08264220293682467
11774.13662357091 0.08086437843401378
11937.766417144358 0.07912068354157814
12103.670238122208 0.07741056094466439
12271.879689554951 0.07573345898612208
12442.426813693159 0.0740888333506366
12615.344098091025 0.07247614824224186
12790.664481795127 0.07089487820703583
12968.42136161878 0.06934448648014518
13148.64859850402 0.06782444957283437
13331.380523971564 0.06633425746039279
13516.651946660839 0.06487340495776017
13704.498158960478 0.06344139166902538
13894.954943731389 0.06203771223145549
14088.058581122814 0.06066188092940447
14283.84585548357 0.05931340878779964
14482.354062368882 0.057991817474607354
14683.62101564501 0.056696640112753605
14887.685054692352 0.05542741034596774
15094.58505170861 0.05418367625024023
15304.360419113784 0.05296497491351576
15517.051117057608 0.05177086088939864
15732.69766103181 0.05060089259380507
15951.341129587669 0.04945463525968086
16173.023172161324 0.04833166019980828
16397.78601700733 0.04723153340186609
16625.67247924299 0.046153858587683894
16856.725969003943 0.04509822081649256
17090.99049971364 0.0440642025593741
17328.510696467205 0.0430514133323085
17569.33180453234 0.042059461696963896
17813.499697967836 0.041087955931695674
18061.060888362415 0.04013650473595015
18312.06253369443 0.0392047341826508
18566.552447315302 0.03829228894458625
18824.579107057205 0.037398801133707305
19086.191664467897 0.03652390762430474
19351.43995417332 0.03566725004644622
19620.374503370906 0.034828476662481955
19893.04654145421 0.03400726003099741
20169.508009771867 0.03320326376484889
20449.81157152182 0.032416161244196606
20734.01062178298 0.03164561739704208
21022.159297686794 0.030891308979103693
21314.31248872947 0.030152923747281124
21610.525847228237 0.029430144630405775
21910.85579892224 0.02872266781972549
22215.35955372141 0.028030205161359067
22524.095116604058 0.02735246452209733
22837.121298666603 0.02668913155124847
23154.497728326147 0.026039929349901125
23476.284862679473 0.025404599733806876
23802.54399901916 0.024782863785806464
24133.337286510483 0.024174442552277742
24468.727738029847 0.023579056934422138
24808.7792421685 0.02299645075634038
25153.55657540231 0.0224263690105464
25503.125414431415 0.02186856027169881
25857.552348690613 0.02132277543368022
26216.904893034392 0.020788770231107867
26581.251500597446 0.020266327519383287
26950.661575834725 0.019755212809886014
27325.205487741892 0.019255173704767703
27704.954583260303 0.018765981032265067
28089.981200867736 0.018287424410703024
28480.35868435799 0.017819282246727686
28876.161396812553 0.017361341521737628
29277.46473476558 0.016913481501413197
29684.345142566675 0.016475490322650943
30096.880126942287 0.01604707846348108
30515.148271760496 0.01562804788528599
30939.22925299995 0.015218201855326241
31369.203853927873 0.01481734799012796
31805.153980487972 0.014425298921336704
32247.162676903234 0.014041872831162927
32695.31414149451 0.01366688837928215
33149.693742719995 0.013300168068895224
33610.38803543657 0.012941541586834804
34077.484777388156 0.012590837542819144
34551.072945922184 0.012247886943415554
35031.24275493945 0.011912529567495722
35518.08567207842 0.01158460539814321
36011.6944361395 0.01126395190664714
36512.16307475026 0.010950417038775417
37019.58692227738 0.01064385323993644
37534.06263798633 0.010344108468302415
38055.688224454505 0.010051036127188218
38584.56304623956 0.00976449553343861
39120.78784880712 0.009484349133470571
39664.4647777224 0.00921045940922327
40215.69739810724 0.008942689221931366
40774.590714368904 0.00868090919364728
41341.25119020179 0.008424990945996969
41915.78676886829 0.008174807698846709
42498.30689376034 0.00793023426042
43088.92252924794 0.007691151479015612
43687.74618181609 0.007457442483021659
44294.89192149689 0.007228985726565107
44910.475403598066 0.007005670507818029
45534.61389073484 0.006787385561619952
46167.42627516664 0.006574019688933341
46809.03310144558 0.0063654656262477904
47459.55658937835 0.006161616611384313
48119.12065730856 0.0059623748792868025
48787.85094572127 0.005767639377897038
49465.87484117702 0.005577306133450977
50153.321500576916 0.005391281211070187
50850.321875766596 0.005209472438532203
51557.0087384804 0.005031785361464702
52273.51670563398 0.0048581277753486085
52999.982264966595 0.004688414708118038
53736.54380104148 0.004522559321178399
54483.34162160639 0.004360473369694917
55240.51798432056 0.004202076641197039
56008.217123854134 0.004047287769616326
56786.58527936256 0.0038960244553625234
57575.770722344656 0.0037482085081702587
58375.92378488591 0.003603761043233622
59187.19688829625 0.003462607971814635
60009.744572143805 0.0033246800961454492
60843.72352369419 0.003189903036860009
61689.2926077569 0.0030582079979779575
62546.61289694847 0.0029295263421935114
63415.84770237424 0.002803790203953771
64297.16260473853 0.0026809321575869127
65190.72548588514 0.002560891633461848
66096.70656077818 0.0024436059531450782
67015.27840992535 0.0023290082909969145
67946.61601225386 0.002217041132161368
68890.89677844117 0.002107645150879245
69848.30058471099 0.0020007628160781388
70819.00980709694 0.0018963379648804235
71803.20935618442 0.0017943147229897427
72801.08671233321 0.0016946389257032068
73812.83196139157 0.00159725825137913
74838.63783090533 0.0015021211475291785
75878.69972683015 0.0014091769437796775
76933.21577075552 0.0013183753270057386
78002.38683764367 0.0012296678300151576
79086.41659409564 0.0011430079790197833
80185.5115371464 0.001058349396565128
81299.88103360188 0.0009756459074695134
82429.73735991989 0.0008948537992656824
83575.29574264813 0.0008159297726684223
84736.77439942134 0.0007388311480959753
85914.39458053098 0.0006635166249417401
87108.38061106988 0.0005899457483273252
88318.95993366533 0.0005180789584651735
89546.36315180332 0.00044787698482945393
90790.82407375761 0.0003793024920414889
92052.5797571265 0.0003123178068025756
93331.8705539914 0.00024688668904349065
94628.94015670012 0.00018297435369568626
95944.03564428937 0.00012054518590520757
97277.40752954928 5.956529046180492e-05
98629.30980674532 0.0
