0.1 0.021666428544200065
0.10138973921235028 0.021666428544200065
0.102798792175484 0.021666428544200065
0.10422742730016918 0.021666428544200065
0.10567591672738348 0.021666428544200065
0.10714453638015457 0.021666428544200065
0.1086335660161205 0.021666428544200065
0.11014328928082094 0.021666428544200065
0.11167399376172892 0.021666428544200065
0.11322597104303325 0.021666428544200065
0.11479951676118266 0.021666428544200065
0.11639493066120145 0.021666428544200065
0.11801251665378809 0.021666428544200065
0.11965258287320718 0.021666428544200065
0.12131544173598606 0.021666428544200065
0.123001410000427 0.021666428544200065
0.12471080882694667 0.021666428544200065
0.12644396383925394 0.021666428544200065
0.12820120518637806 0.021666428544200065
0.1299828676055588 0.021666428544200065
0.13178929048601057 0.021666428544200065
0.1336208179335729 0.021666428544200065
0.13547779883625893 0.021666428544200065
0.13736058693071546 0.021666428544200065
0.1392695408696061 0.021666428544200065
0.14120502428993123 0.021666428544200065
0.14316740588229715 0.021666428544200065
0.14515705946114807 0.021666428544200065
0.14717436403597425 0.021666428544200065
0.14921970388350933 0.021666428544200065
0.15129346862093146 0.021666428544200065
0.1533960532800814 0.021666428544200065
0.15552785838271238 0.021666428544200065
0.15768929001678555 0.021666428544200065
0.15988075991382558 0.021666428544200065
0.16210268552735163 0.021666428544200065
0.1643554901123981 0.021666428544200065
0.1666396028061406 0.021666428544200065
0.1689554587096423 0.021666428544200065
0.17130349897073643 0.021666428544200065
0.17368417086806082 0.021666428544200065
0.17609792789625972 0.021666428544200065
0.17854522985237037 0.021666428544200065
0.18102654292340967 0.021666428544200065
0.1835423397751784 0.021666428544200065
0.18609309964229925 0.021666428544200065
0.18867930841950636 0.021666428544200065
0.19130145875420357 0.021666428544200065
0.19396005014030884 0.021666428544200065
0.196655589013403 0.021666428544200065
0.19938858884720065 0.021666428544200065
0.20215957025136203 0.021666428544200065
0.20496906107066404 0.021666428544200065
0.20781759648554926 0.021666428544200065
0.21070571911407276 0.021666428544200065
0.21363397911526566 0.021666428544200065
0.21660293429393473 0.021666428544200065
0.21961315020691885 0.021666428544200065
0.22266520027082212 0.021666428544200065
0.22575966587124405 0.021666428544200065
0.2288971364735277 0.021666428544200065
0.23207820973504725 0.021666428544200065
0.23530349161905573 0.021666428544200065
0.23857359651011506 0.021666428544200065
0.24188914733113046 0.021666428544200065
0.24525077566201092 0.021666428544200065
0.24865912185997904 0.021666428544200065
0.25211483518155303 0.021666428544200065
0.2556185739062234 0.021666428544200065
0.25917100546184874 0.021666428544200065
0.2627728065517946 0.021666428544200065
0.2664246632838382 0.021666428544200065
0.2701272713008659 0.021666428544200065
0.27388133591338587 0.021666428544200065
0.277687572233883 0.021666428544200065
0.2815467053130407 0.021666428544200065
0.28545947027785634 0.021666428544200065
0.2894266124716751 0.021666428544200065
0.293448887596171 0.021666428544200065
0.2975270618553007 0.021666428544200065
0.3016619121012575 0.021666428544200065
0.3058542259824543 0.021666428544200065
0.3101048020935629 0.021666428544200065
0.3144144501276384 0.021666428544200065
0.3187839910303577 0.021666428544200065
0.32321425715640173 0.021666428544200065
0.3277060924280109 0.021666428544200065
0.3322603524957438 0.021666428544200065
0.33687790490147046 0.021666428544200065
0.3415596292436303 0.021666428544200065
0.3463064173447873 0.021666428544200065
0.3511191734215131 0.021666428544200065
0.35599881425663205 0.021666428544200065
0.36094626937385854 0.021666428544200065
0.3659624812148625 0.021666428544200065
0.3710484053187955 0.021666428544200065
0.3762050105043112 0.021666428544200065
0.381433279054116 0.021666428544200065
0.38673420690208454 0.021666428544200065
0.3921088038229747 0.021666428544200065
0.39755809362478023 0.021666428544200065
0.40308311434375604 0.021666428544200065
0.4086849184421538 0.021666428544200065
0.4143645730087062 0.021666428544200065
0.42012315996189603 0.021666428544200065
0.4259617762560516 0.021666428544200065
0.4318815340903057 0.021666428544200065
0.4378835611204587 0.021666428544200065
0.44396900067378536 0.021666428544200065
0.45013901196682865 0.021666428544200065
0.4563947703262178 0.021666428544200065
0.4627374674125573 0.021666428544200065
0.46916831144742616 0.021666428544200065
0.47568852744353274 0.021666428544200065
0.48229935743806707 0.021666428544200065
0.4890020607292973 0.021666428544200065
0.4957979141164533 0.021666428544200065
0.5026882121429445 0.021666428544200065
0.5096742673429575 0.021666428544200065
0.5167574104914816 0.021666428544200065
0.5239389908578075 0.021666428544200065
0.5312203764625508 0.021666428544200065
0.5386029543382457 0.021666428544200065
0.5460881307935613 0.021666428544200065
0.5536773316811902 0.021666428544200065
0.5613720026694584 0.021666428544200065
0.5691736095177118 0.021666428544200065
0.5770836383555289 0.021666428544200065
0.5851035959658134 0.021666428544200065
0.5932350100718219 0.021666428544200065
0.6014794296281801 0.021666428544200065
0.6098384251159437 0.021666428544200065
0.6183135888417592 0.021666428544200065
0.6269065352411836 0.021666428544200065
0.6356189011862168 0.021666428544200065
0.6444523462971117 0.021666428544200065
0.653408553258514 0.021666428544200065
0.6624892281399981 0.021666428544200065
0.6716961007210565 0.021666428544200065
0.6810309248206048 0.021666428544200065
0.6904954786310685 0.021666428544200065
0.7000915650571102 0.021666428544200065
0.7098210120590657 0.021666428544200065
0.7196856730011519 0.021666428544200065
0.7296874270045159 0.021666428544200065
0.7398281793051876 0.021666428544200065
0.750109861617009 0.021666428544200065
0.760534432499607 0.021666428544200065
0.7711038777314797 0.021666428544200065
0.7818202106882675 0.021666428544200065
0.7926854727262819 0.021666428544200065
0.8037017335713632 0.021666428544200065
0.8148710917131434 0.021666428544200065
0.8261956748047878 0.021666428544200065
0.837677640068292 0.021666428544200065
0.8493191747054113 0.021666428544200065
0.8611224963143022 0.021666428544200065
0.8730898533119517 0.021666428544200065
0.8852235253624794 0.021666428544200065
0.8975258238113913 0.021666428544200065
0.9099990921258679 0.021666428544200065
0.9226457063411727 0.021666428544200065
0.9354680755132622 0.021666428544200065
0.9484686421776886 0.021666428544200065
0.9616498828148782 0.021666428544200065
0.9750143083218771 0.021666428544200065
0.9885644644906518 0.021666428544200065
1.0023029324930393 0.021666428544200065
1.0162323293724318 0.021666428544200065
1.0303553085423007 0.021666428544200065
1.0446745602916458 0.021666428544200065
1.0591928122974668 0.021666428544200065
1.0739128301443603 0.021666428544200065
1.0888374178513371 0.021666428544200065
1.1039694184059594 0.021666428544200065
1.1193117143059024 0.021666428544200065
1.1348672281080416 0.021666428544200065
1.150638922985172 0.021666428544200065
1.1666298032904618 0.021666428544200065
1.1828429151297544 0.021666428544200065
1.1992813469418198 0.021666428544200065
1.2159482300866722 0.021666428544200065
1.232846739442066 0.021666428544200065
1.2499800940082741 0.021666428544200065
1.2673515575212801 0.021666428544200065
1.2849644390744854 0.021666428544200065
1.3028220937490604 0.021666428544200065
1.320927923253054 0.021666428544200065
1.339285376569386 0.021666428544200065
1.357897950612844 0.021666428544200065
1.3767691908962114 0.021666428544200065
1.3959026922056539 0.021666428544200065
1.415302099285489 0.021666428544200065
1.4349711075324756 0.021666428544200065
1.4549134636997514 0.021666428544200065
1.4751329666105506 0.021666428544200065
1.4956334678818435 0.021666428544200065
1.5164188726580317 0.021666428544200065
1.5374931403548404 0.021666428544200065
1.5588602854135476 0.021666428544200065
1.580524378065695 0.021666428544200065
1.6024895451084296 0.021666428544200065
1.624759970690615 0.021666428544200065
1.6473398971098734 0.021666428544200065
1.6702336256206993 0.021666428544200065
1.6934455172538099 0.021666428544200065
1.7169799936468741 0.021666428544200065
1.7408415378867943 0.021666428544200065
1.7650346953636886 0.021666428544200065
1.7895640746367452 0.021666428544200065
1.8144343483121055 0.021666428544200065
1.8396502539329511 0.021666428544200065
1.865216594881959 0.021666428544200065
1.8911382412962983 0.021666428544200065
1.9174201309953445 0.021666428544200065
1.944067270421285 0.021666428544200065
1.9710847355927963 0.021666428544200065
1.9984776730719802 0.021666428544200065
2.026251300944727 0.021666428544200065
2.0544109098147136 0.021666428544200065
2.082961863811211 0.021666428544200065
2.111909601610898 0.021666428544200065
2.141259637473875 0.021666428544200065
2.171017562294079 0.021666428544200065
2.2011890446642908 0.021666428544200065
2.231779831955949 0.021666428544200065
2.2627957514139663 0.021666428544200065
2.294242711266761 0.021666428544200065
2.3261267018517238 0.021666428544200065
2.3584537967563075 0.021666428544200065
2.391230153974994 0.021666428544200065
2.424462017082328 0.021666428544200065
2.45815571642226 0.021666428544200065
2.49231767031401 0.021666428544200065
2.526954386274699 0.021666428544200065
2.562072462258964 0.021666428544200065
2.597678587915805 0.021666428544200065
2.633779545862898 0.021666428544200065
2.670382212978616 0.021666428544200065
2.7074935617120057 0.021666428544200065
2.7451206614109767 0.021666428544200065
2.7832706796689344 0.021666428544200065
2.821950883690142 0.021666428544200065
2.861168641674049 0.021666428544200065
2.9009314242188635 0.021666428544200065
2.9412468057446244 0.021666428544200065
2.9821224659360577 0.021666428544200065
3.0235661912054783 0.021666428544200065
3.065585876176027 0.021666428544200065
3.1081895251855167 0.021666428544200065
3.151385253811184 0.021666428544200065
3.195181290415621 0.021666428544200065
3.2395859777142064 0.021666428544200065
3.2846077743643023 0.021666428544200065
3.3302552565765486 0.021666428544200065
3.3765371197485496 0.021666428544200065
3.423462180121258 0.021666428544200065
3.471039376458385 0.021666428544200065
3.519277771749146 0.021666428544200065
3.568186554934671 0.021666428544200065
3.6177750426584088 0.021666428544200065
3.668052681040855 0.021666428544200065
3.719029047478944 0.021666428544200065
3.7707138524704558 0.021666428544200065
3.823116941463762 0.021666428544200065
3.8762482967332903 0.021666428544200065
3.930118039281053 0.021666428544200065
3.9847364307645936 0.021666428544200065
4.040113875451737 0.021666428544200065
4.096260922202494 0.021666428544200065
4.153188266478523 0.021666428544200065
4.210906752380506 0.021666428544200065
4.269427374713844 0.021666428544200065
4.328761281083059 0.021666428544200065
4.388919774015305 0.021666428544200065
4.449914313113391 0.021666428544200065
4.511756517238715 0.021666428544200065
4.574458166724551 0.021666428544200065
4.6380312056200825 0.021666428544200065
4.702487743965627 0.021666428544200065
4.767840060099483 0.021666428544200065
4.834100602996831 0.021666428544200065
4.90128199464114 0.021666428544200065
4.969397032428532 0.021666428544200065
5.0384586916055625 0.021666428544200065
5.108480127740876 0.021666428544200065
5.17947467923121 0.021666428544200065
5.25145586984224 0.021666428544200065
5.324437411284708 0.021666428544200065
5.398433205826381 0.021666428544200065
5.473457348940288 0.021666428544200065
5.549524131989779 0.021666428544200065
5.626648044950883 0.021666428544200065
5.7048437791725055 0.021666428544200065
5.784126230174992 0.021666428544200065
5.864510500487572 0.021666428544200065
5.946011902525248 0.021666428544200065
6.028645961505653 0.021666428544200065
6.112428418406469 0.021666428544200065
6.197375232963906 0.021666428544200065
6.283502586712889 0.021666428544200065
6.370826886069483 0.021666428544200065
6.4593647654561455 0.021666428544200065
6.549133090470427 0.021666428544200065
6.640148961097703 0.021666428544200065
6.732429714968547 0.021666428544200065
6.825992930661387 0.021666428544200065
6.920856431051047 0.021666428544200065
7.01703828670383 0.021666428544200065
7.114556819319781 0.021666428544200065
7.213430605222809 0.021666428544200065
7.313678478899267 0.021666428544200065
7.415319536585754 0.021666428544200065
7.518373139906758 0.021666428544200065
7.622858919562853 0.021666428544200065
7.728796779070159 0.021666428544200065
7.836206898551763 0.021666428544200065
7.945109738581834 0.021666428544200065
8.055526044083168 0.021666428544200065
8.16747684827888 0.021666428544200065
8.280983476699038 0.021666428544200065
8.396067551242973 0.021666428544200065
8.512750994298015 0.021666428544200065
8.631056032915513 0.021666428544200065
8.751005203044864 0.021666428544200065
8.872621353826393 0.021666428544200065
8.995927651943882 0.021666428544200065
9.120947586037609 0.021666428544200065
9.24770497117869 0.021666428544200065
9.376223953405626 0.021666428544200065
9.506529014323885 0.021666428544200065
9.6386449757694 0.021666428544200065
9.772597004536893 0.021666428544200065
9.908410617173912 0.021666428544200065
10.046111684841462 0.021666428544200065
10.185726438242206 0.021666428544200065
10.327281472617187 0.021666428544200065
10.470803752811934 0.021666428544200065
10.616320618412995 0.021666428544200065
10.76385978895591 0.021666428544200065
10.913449369205434 0.021666428544200065
11.065117854509277 0.021666428544200065
11.218894136226165 0.021666428544200065
11.374807507229367 0.021666428544200065
11.532887667486696 0.021666428544200065
11.693164729718069 0.021666428544200065
11.855669225131674 0.021666428544200065
12.020432109239874 0.021666428544200065
12.187484767755924 0.021666428544200065
12.356859022572646 0.021666428544200065
12.528587137824182 0.021666428544200065
12.702701826031998 0.021666428544200065
12.8792362543363 0.021666428544200065
13.058224050814045 0.021666428544200065
13.239699310884763 0.021666428544200065
13.4236966038054 0.021666428544200065
13.610250979255417 0.021666428544200065
13.799397974013417 0.021666428544200065
13.991173618726553 0.021666428544200065
14.185614444774004 0.021666428544200065
14.382757491225853 0.021666428544200065
14.582640311898652 0.021666428544200065
14.785300982509106 0.021666428544200065
14.990778107927047 0.021666428544200065
15.199110829529332 0.021666428544200065
15.41033883265588 0.021666428544200065
15.62450235416934 0.021666428544200065
15.841642190119824 0.021666428544200065
16.061799703516147 0.021666428544200065
16.28501683220507 0.021666428544200065
16.51133609686007 0.021666428544200065
16.74080060908108 0.021666428544200065
16.973454079606856 0.021666428544200065
17.20934082664142 0.021666428544200065
17.448505784296263 0.021666428544200065
17.690994511149835 0.021666428544200065
17.93685319892602 0.021666428544200065
18.1861286812932 0.021666428544200065
18.438868442785616 0.021666428544200065
18.695120627848688 0.021666428544200065
18.95493405001009 0.021666428544200065
19.218358201178212 0.021666428544200065
19.48544326106992 0.021666428544200065
19.756240106769276 0.021666428544200065
20.030800322419122 0.021666428544200065
20.309176209047347 0.021666428544200065
20.591420794529792 0.021666428544200065
20.877587843691423 0.021666428544200065
21.167731868548078 0.021666428544200065
21.461908138690458 0.021666428544200065
21.760172691812436 0.021666428544200065
22.062582344385692 0.021666428544200065
22.36919470248269 0.021666428544200065
22.680068172750076 0.021666428544200065
22.99526197353456 0.021666428544200065
23.314836146163444 0.021666428544200065
23.63885156638189 0.021666428544200065
23.96736995594918 0.021666428544200065
24.300453894396068 0.021666428544200065
24.63816683094559 0.021666428544200065
24.980573096599525 0.021666428544200065
25.327737916392792 0.021666428544200065
25.679727421818214 0.021666428544200065
26.036608663423888 0.021666428544200065
26.39844962358568 0.021666428544200065
26.765319229457187 0.021666428544200065
27.137287366099685 0.021666428544200065
27.51442488979455 0.021666428544200065
27.896803641540664 0.021666428544200065
28.284496460739515 0.021666428544200065
28.67757719907024 0.021666428544200065
29.076120734557744 0.021666428544200065
29.480202985836204 0.021666428544200065
29.889900926610828 0.021666428544200065
30.305292600320588 0.021666428544200065
30.726457135004733 0.021666428544200065
31.153474758375893 0.021666428544200065
31.58642681310269 0.021666428544200065
32.025395772304705 0.021666428544200065
32.470465255262795 0.021666428544200065
32.921720043347754 0.021666428544200065
33.37924609617034 0.021666428544200065
33.84313056795572 0.021666428544200065
34.313461824145506 0.021666428544200065
34.7903294582305 0.021666428544200065
35.27382430881738 0.021666428544200065
35.76403847693256 0.021666428544200065
36.261065343566536 0.021666428544200065
36.764999587462036 0.021666428544200065
37.27593720314942 0.021666428544200065
37.79397551923265 0.021666428544200065
38.319213216929455 0.021666428544200065
38.85175034886924 0.021666428544200065
39.39168835815191 0.021666428544200065
39.93913009767197 0.021666428544200065
40.49417984971091 0.021666428544200065
41.05694334580199 0.021666428544200065
41.62752778687104 0.021666428544200065
42.2060418636572 0.021666428544200065
42.79259577741742 0.021666428544200065
43.38730126091874 0.021666428544200065
43.99027159972227 0.021666428544200065
44.601621653763004 0.021666428544200065
45.221467879229465 0.021666428544200065
45.849928350747504 0.021666428544200065
46.48712278387235 0.021666428544200065
47.133172557893246 0.021666428544200065
47.78820073895501 0.021666428544200065
48.452332103500936 0.021666428544200065
49.12569316204147 0.021666428544200065
49.808412183253246 0.021666428544200065
50.50061921841297 0.021666428544200065
51.20244612617096 0.021666428544200065
51.91402659766889 0.021666428544200065
52.63549618200659 0.021666428544200065
53.36699231206307 0.021666428544200065
54.108654330675776 0.021666428544200065
54.860623517184244 0.021666428544200065
55.623043114342416 0.021666428544200065
56.396058355604936 0.021666428544200065
57.179816492792725 0.021666428544200065
57.974466824143 0.021666428544200065
58.780160722749116 0.021666428544200065
59.59705166539568 0.021666428544200065
60.425295261794346 0.021666428544200065
61.26504928422594 0.021666428544200065
62.11647369759455 0.021666428544200065
62.97973068989927 0.021666428544200065
63.85498470312941 0.021666428544200065
64.74240246458908 0.021666428544200065
65.6421530186571 0.021666428544200065
66.55440775898835 0.021666428544200065
67.47934046116251 0.021666428544200065
68.41712731578664 0.021666428544200065
69.36794696205774 0.021666428544200065
70.3319805217918 0.021666428544200065
71.3094116339257 0.021666428544200065
72.30042648949865 0.021666428544200065
73.30521386711963 0.021666428544200065
74.32396516892823 0.021666428544200065
75.35687445705439 0.021666428544200065
76.40413849058565 0.021666428544200065
77.46595676304773 0.021666428544200065
78.54253154040612 0.021666428544200065
79.63406789959573 0.021666428544200065
80.74077376758606 0.021666428544200065
81.86285996098924 0.021666428544200065
83.0005402262185 0.021666428544200065
84.15403128020483 0.021666428544200065
85.32355285167937 0.021666428544200065
86.50932772302957 0.021666428544200065
87.71158177273712 0.021666428544200065
88.93054401840554 0.021666428544200065
90.16644666038574 0.021666428544200065
91.41952512600803 0.021666428544200065
92.69001811442858 0.021666428544200065
93.97816764209938 0.021666428544200065
95.28421908886992 0.021666428544200065
96.6084212447297 0.021666428544200065
97.95102635720025 0.021666428544200065
99.31229017938581 0.021666428544200065
100.69247201869173 0.021666428544200065
102.09183478622033 0.021666428544200065
103.5106450468523 0.021666428544200065
104.94917307002513 0.021666428544200065
106.40769288121662 0.021666428544200065
107.88648231414415 0.021666428544200065
109.38582306368916 0.021666428544200065
110.90600073955736 0.021666428544200065
112.44730492068447 0.021666428544200065
114.01002921039832 0.021666428544200065
115.59447129234724 0.021666428544200065
117.20093298720597 0.021666428544200065
118.82972031016955 0.021666428544200065
120.48114352924614 0.021666428544200065
122.15551722436011 0.021666428544200065
123.85316034727634 0.021666428544200065
125.57439628235751 0.021666428544200065
127.31955290816556 0.021666428544200065
129.08896265991942 0.021666428544200065
130.88296259282052 0.021666428544200065
132.7018944462587 0.021666428544200065
134.54610470891004 0.021666428544200065
136.41594468473963 0.021666428544200065
138.3117705599214 0.021666428544200065
140.2339434706886 0.021666428544200065
142.18282957212585 0.021666428544200065
144.15880010791886 0.021666428544200065
146.16223148107227 0.021666428544200065
148.19350532561091 0.021666428544200065
150.25300857927735 0.021666428544200065
152.3411335572396 0.021666428544200065
154.45827802682348 0.021666428544200065
156.60484528328325 0.021666428544200065
158.78124422662555 0.021666428544200065
160.98788943950063 0.021666428544200065
163.22520126617647 0.021666428544200065
165.49360589261022 0.021666428544200065
167.79353542763224 0.021666428544200065
170.1254279852589 0.021666428544200065
172.4897277681488 0.021666428544200065
174.886885152219 0.021666428544200065
177.31735677243742 0.021666428544200065
179.78160560980703 0.021666428544200065
182.28010107955944 0.021666428544200065
184.81331912057382 0.021666428544200065
187.3817422860385 0.021666428544200065
189.98585983537254 0.021666428544200065
192.62616782742555 0.021666428544200065
195.30316921497095 0.021666428544200065
198.0173739405142 0.021666428544200065
200.76929903343182 0.021666428544200065
203.55946870846023 0.021666428544200065
206.3884144655536 0.021666428544200065
209.25667519112943 0.021666428544200065
212.16479726072103 0.021666428544200065
215.11333464305673 0.021666428544200065
218.10284900558557 0.021666428544200065
221.13390982146933 0.021666428544200065
224.2070944780616 0.021666428544200065
227.32298838689448 0.021666428544200065
230.4821850951936 0.021666428544200065
233.68528639894328 0.021666428544200065
236.93290245752246 0.021666428544200065
240.2256519099343 0.021666428544200065
243.56416199265075 0.021666428544200065
246.949068659095 0.021666428544200065
250.38101670078424 0.021666428544200065
253.86065987015635 0.021666428544200065
257.3886610051031 0.021666428544200065
260.96569215523436 0.021666428544200065
264.5924347098967 0.021666428544200065
268.26957952797244 0.021666428544200065
271.9978270694799 0.021666428544200065
275.77788752900517 0.021666428544200065
279.61048097098706 0.021666428544200065
283.49633746688204 0.021666428544200065
287.4361972342362 0.021666428544200065
291.4308107776889 0.021666428544200065
295.48093903193677 0.021666428544200065
299.58735350668445 0.021666428544200065
303.7508364336093 0.021666428544200065
307.9721809153691 0.021666428544200065
312.2521910766804 0.021666428544200065
316.59168221749593 0.021666428544200065
320.99148096831186 0.021666428544200065
325.4524254476324 0.021666428544200065
329.9753654216232 0.021666428544200065
334.5611624659836 0.021666428544200065
339.2106901300684 0.021666428544200065
343.9248341032899 0.021666428544200065
348.704492383834 0.021666428544200065
353.55057544971913 0.021666428544200065
358.464006432234 0.021666428544200065
363.4457212917842 0.021666428544200065
368.4966689961854 0.021666428544200065
373.61781170143007 0.021666428544200065
378.81012493496985 0.021666428544200065
384.07459778154424 0.021666428544200065
389.412233071591 0.021666428544200065
394.82404757227573 0.021666428544200065
400.3110721811762 0.021666428544200065
405.87435212265785 0.021666428544200065
411.51494714697907 0.021666428544200065
417.2339317321632 0.021666428544200065
423.0323952886759 0.021666428544200065
428.91144236694726 0.021666428544200065
434.8721928677779 0.021666428544200065
440.91578225566894 0.021666428544200065
447.043361775117 0.021666428544200065
453.2560986699147 0.021666428544200065
459.5551764054996 0.021666428544200065
465.94179489439233 0.021666428544200065
472.4171707247685 0.021666428544200065
478.9825373922063 0.021666428544200065
485.63914553465617 0.021666428544200065
492.3882631706742 0.021666428544200065
499.23117594096703 0.021666428544200065
506.1691873532961 0.021666428544200065
513.2036190307796 0.021666428544200065
520.335810963651 0.021666428544200065
527.5671217645138 0.021666428544200065
534.898928927143 0.021666428544200065
542.3326290888851 0.021666428544200065
549.8696382967037 0.021666428544200065
557.5113922769216 0.021666428544200065
565.259346708714 0.021666428544200065
573.1149775014 0.021666428544200065
581.0797810755895 0.021666428544200065
589.1552746482361 0.021666428544200065
597.3429965216526 0.021666428544200065
605.6445063765423 0.021666428544200065
614.0613855691023 0.021666428544200065
622.5952374322576 0.021666428544200065
631.247687581079 0.021666428544200065
640.0203842224477 0.021666428544200065
648.914998469022 0.021666428544200065
657.9332246575682 0.021666428544200065
667.0767806717151 0.021666428544200065
676.3474082691938 0.021666428544200065
685.746873413625 0.021666428544200065
695.2769666109202 0.021666428544200065
704.9395032503518 0.021666428544200065
714.7363239503692 0.021666428544200065
724.6692949092184 0.021666428544200065
734.7403082604341 0.021666428544200065
744.9512824332727 0.021666428544200065
755.3041625181542 0.021666428544200065
765.8009206371829 0.021666428544200065
776.4435563198173 0.021666428544200065
787.2340968837608 0.021666428544200065
798.1745978211461 0.021666428544200065
809.2671431900857 0.021666428544200065
820.5138460116652 0.021666428544200065
831.9168486724528 0.021666428544200065
843.4783233326026 0.021666428544200065
855.2004723396304 0.021666428544200065
867.0855286479392 0.021666428544200065
879.1357562441743 0.021666428544200065
891.3534505784918 0.021666428544200065
903.7409390018184 0.021666428544200065
916.3005812091893 0.021666428544200065
929.034769689247 0.021666428544200065
941.9459301799866 0.021666428544200065
955.0365221308344 0.021666428544200065
968.3090391711531 0.021666428544200065
981.7660095852468 0.021666428544200065
995.4099967939796 0.021666428544200065
1009.2435998430814 0.021666428544200065
1023.2694538982352 0.021666428544200065
1037.4902307470625 0.021666428544200065
1051.9086393080568 0.021666428544200065
1066.5274261466222 0.021666428544200065
1081.349375998251 0.021666428544200065
1096.3773122990049 0.021666428544200065
1111.6140977233351 0.021666428544200065
1127.062634729409 0.021666428544200065
1142.725866111993 0.021666428544200065
1158.6067755630195 0.021666428544200065
1174.7083882399672 0.021666428544200065
1191.033771342105 0.021666428544200065
1207.5860346947818 0.021666428544200065
1224.3683313417998 0.021666428544200065
1241.3838581460568 0.021666428544200065
1258.6358563984982 0.021666428544200065
1276.1276124355702 0.021666428544200065
1293.8624582652153 0.021666428544200065
1311.8437722016079 0.021666428544200065
1330.0749795086672 0.021666428544200065
1348.5595530525607 0.021666428544200065
1367.3010139632263 0.021666428544200065
1386.3029323051378 0.021666428544200065
1405.5689277573426 0.021666428544200065
1425.1026703029993 0.021666428544200065
1444.9078809284495 0.021666428544200065
1464.9883323320532 0.021666428544200065
1485.3478496428268 0.021666428544200065
1505.9903111491162 0.021666428544200065
1526.91964903735 0.021666428544200065
1548.1398501411018 0.021666428544200065
1569.6549567005352 0.021666428544200065
1591.4690671324008 0.021666428544200065
1613.5863368107666 0.021666428544200065
1636.0109788585507 0.021666428544200065
1658.7472649501053 0.021666428544200065
1681.7995261249032 0.021666428544200065
1705.1721536125838 0.021666428544200065
1728.869599669414 0.021666428544200065
1752.896378426425 0.021666428544200065
1777.2570667492832 0.021666428544200065
1801.956305110166 0.021666428544200065
1826.9987984716986 0.021666428544200065
1852.3893171832303 0.021666428544200065
1878.1326978895113 0.021666428544200065
1904.233844452056 0.021666428544200065
1930.6977288832495 0.021666428544200065
1957.5293922934984 0.021666428544200065
1984.7339458514814 0.021666428544200065
2012.3165717578086 0.021666428544200065
2040.2825242321476 0.021666428544200065
2068.6371305141342 0.021666428544200065
2097.3857918781246 0.021666428544200065
2126.533984662116 0.021666428544200065
2156.0872613109227 0.021666428544200065
2186.0512514338475 0.021666428544200065
2216.4316628771003 0.021666428544200065
2247.234282811048 0.021666428544200065
2278.4649788326547 0.021666428544200065
2310.1297000831582 0.021666428544200065
2342.234478381366 0.021666428544200065
2374.7854293726177 0.021666428544200065
2407.7887536937924 0.021666428544200065
2441.250738154433 0.021666428544200065
2475.177756934358 0.021666428544200065
2509.5762727978445 0.021666428544200065
2544.4528383247575 0.021666428544200065
2579.8140971587136 0.021666428544200065
2615.6667852726714 0.021666428544200065
2652.017732252025 0.021666428544200065
2688.873862595617 0.021666428544200065
2726.242197034743 0.021666428544200065
2764.1298538705773 0.021666428544200065
2802.5440503300947 0.021666428544200065
2841.4921039409246 0.021666428544200065
2880.9814339252257 0.021666428544200065
2921.019562613013 0.021666428544200065
2961.614116875072 0.021666428544200065
3002.7728295757834 0.021666428544200065
3044.503541046201 0.021666428544200065
3086.81420057751 0.021666428544200065
3129.712867935336 0.021666428544200065
3173.2077148950025 0.021666428544200065
3217.307026798226 0.021666428544200065
3262.0192041313385 0.021666428544200065
3307.352764125552 0.021666428544200065
3353.316342379352 0.021666428544200065
3399.9186945035517 0.021666428544200065
3447.1686977890918 0.021666428544200065
3495.075352898135 0.021666428544200065
3543.647785578547 0.021666428544200065
3592.895248402318 0.021666428544200065
3642.8271225280314 0.021666428544200065
3693.4529194879387 0.021666428544200065
3744.782282999755 0.021666428544200065
3796.824990803753 0.021666428544200065
3849.5909565252637 0.021664174710535094
3903.0902315631893 0.021661160900054814
3957.3330070046322 0.021655851690322914
4012.3296155662606 0.021642854700781915
4068.090533562524 0.021620120953080902
4124.626382901348 0.02158787022704464
4181.947933107477 0.02154061304159818
4240.06610337394 0.02147037986421718
4298.991964642105 0.02137515687484999
4358.736741710519 0.02124923584434819
4419.311815373194 0.021078523168387864
4480.7287245874595 0.02085745935845132
4542.999168672099 0.02059209851215494
4606.1350095358775 0.020281556289263692
4670.148273937197 0.019922895132154
4735.051155774997 0.019520413123125576
4800.856018411652 0.019084759398885442
4867.575397027993 0.018619418571296027
4935.2220010112105 0.018112678997218645
5003.808716375796 0.017567902797592433
5073.348608218278 0.01700833611986131
5143.8549232059095 0.0164490805987495
5215.341092100118 0.015896323057619628
5287.820732314845 0.0153515894120628
5361.307650510617 0.014811949520894468
5435.815845224494 0.014279552867829969
5511.359509536735 0.013756848017079795
5587.953033774356 0.013247043652719124
5665.61100825243 0.012754610584793626
5744.348226053355 0.012278807123264035
5824.17968584476 0.011819518825934254
5905.12059473669 0.011377405477659395
5987.186371178312 0.010951831062167596
6070.392647895075 0.010542174672723469
6154.755274866495 0.010147832712229764
6240.290322345519 0.009768231455734102
6327.014083919647 0.00940281832873799
6414.943079614811 0.009051064366681414
6504.0940590421615 0.008712465895447837
6594.484004588822 0.00838653542324607
6686.130134652754 0.008072791375941366
6779.049906922799 0.007770771683198159
6873.261021704094 0.007480046869612114
6968.78142528991 0.007200198198976129
7065.629313380139 0.006930806806478659
7163.823134547507 0.006671479826885849
7263.381593751727 0.006421852752271124
7364.3236559027355 0.0061815623771208465
7466.6685494731955 0.005950255594976032
7570.435770161459 0.005727598065960248
7675.645084605177 0.0055132664196251464
7782.316534146764 0.0053069481314208
7890.470438651029 0.005108343899081456
8000.127400375862 0.0049171660425974505
8111.308307896872 0.004733136757408187
8224.034340086333 0.004555987678856961
8338.326970147675 0.004385460816015877
8454.207969705787 0.0042213095232265865
8571.69941295444 0.004063296457194429
8690.823680861058 0.003911191480928632
8811.603465430217 0.0037647739835620364
8934.061774026108 0.003623830505077953
9058.221933755356 0.003488157258173988
9184.107595910458 0.0033575574570695148
9311.742740475276 0.003231840731254095
9441.151680692832 0.0031108251302232187
9572.359067696898 0.0029943330192922883
9705.38989520764 0.002882196706856275
9840.269504292832 0.002774253865632653
9977.023588194927 0.0026703466429387097
10115.67819722552 0.002570323673200769
10256.25974372752 0.0024740408813868527
10398.795007106608 0.002381358193316658
10543.311138932282 0.0022921403315924703
10689.835668110107 0.0022062588263519096
10838.396506125651 0.0021235890288699537
10989.021952361272 0.002044010363000809
11141.740699487027 0.0019674068877635273
11296.581838926179 0.001893667577709944
11453.574866396988 0.001822684883747417
11612.749687531192 0.0017543570787089055
11774.13662357091 0.0016885845451958467
11937.766417144358 0.001625270206610005
12103.670238122208 0.001564321804904744
12271.879689554951 0.0015056523949567684
12442.426813693159 0.0014491784744357257
12615.344098091025 0.001394815982824045
12790.664481795127 0.0013424849499875137
12968.42136161878 0.001292109669149888
13148.64859850402 0.0012436192314074154
13331.380523971564 0.0011969427352037654
13516.651946660839 0.0011520104936785548
13704.498158960478 0.0011087581869523057
13894.954943731389 0.0010671230553768174
14088.058581122814 0.0010270447568417225
14283.84585548357 0.0009884648793120274
14482.354062368882 0.0009513273751224523
14683.62101564501 0.0009155785269048186
14887.685054692352 0.0008811663641981257
15094.58505170861 0.0008480408707419902
15304.360419113784 0.0008161538656140804
15517.051117057608 0.0007854589450388763
15732.69766103181 0.000755911899995805
15951.341129587669 0.0007274697919824741
16173.023172161324 0.0007000911110135073
16397.78601700733 0.0006737358957999047
16625.67247924299 0.000648365903675896
16856.725969003943 0.0006239447418415825
17090.99049971364 0.000600436832342139
17328.510696467205 0.0005778078434609812
17569.33180453234 0.0005560247752650731
17813.499697967836 0.000535056120730959
18061.060888362415 0.0005148716385169096
18312.06253369443 0.0004954418676303557
18566.552447315302 0.0004767385206553183
18824.579107057205 0.000458734269952462
19086.191664467897 0.0004414031825780984
19351.43995417332 0.00042472013544741713
19620.374503370906 0.00040866093891576624
19893.04654145421 0.0003932023848118235
20169.508009771867 0.0003783216596220419
20449.81157152182 0.0003639971150689626
20734.01062178298 0.00035020835217940485
21022.159297686794 0.0003369352137560615
21314.31248872947 0.0003241582367931456
21610.525847228237 0.000311859061205344
21910.85579892224 0.0003000197692725505
22215.35955372141 0.00028862293733080205
22524.095116604058 0.00027765209076312247
22837.121298666603 0.00026709176671431065
23154.497728326147 0.0002569263732952777
23476.284862679473 0.00024714107373099287
23802.54399901916 0.0002377217860166439
24133.337286510483 0.00022865445316879937
24468.727738029847 0.0002199260342043846
24808.7792421685 0.00021152404589322785
25153.55657540231 0.00020343623564547317
25503.125414431415 0.00019565082940715267
25857.552348690613 0.00018815648595533682
26216.904893034392 0.00018094234008478663
26581.251500597446 0.00017399794925657824
26950.661575834725 0.00016731319463689914
27325.205487741892 0.00016087836314752912
27704.954583260303 0.0001546841336725717
28089.981200867736 0.0001487215169386595
28480.35868435799 0.00014298183697181166
28876.161396812553 0.000137456763731187
29277.46473476558 0.0001321382909622304
29684.345142566675 0.00012701866479292168
30096.880126942287 0.00012209046316300626
30515.148271760496 0.00011734651489271955
30939.22925299995 0.00011277993091895686
31369.203853927873 0.000108384124090425
31805.153980487972 0.00010415267269200598
32247.162676903234 0.00010007939678897612
32695.31414149451 9.615843710550354e-05
33149.693742719995 9.238410481801976e-05
33610.38803543657 8.87509065816798e-05
34077.484777388156 8.52535567755254e-05
34551.072945922184 8.188694269773561e-05
35031.24275493945 7.864619955326446e-05
35518.08567207842 7.55266076684219e-05
36011.6944361395 7.252367433337875e-05
36512.16307475026 6.963301830624144e-05
37019.58692227738 6.685045871066692e-05
37534.06263798633 6.417195291903016e-05
38055.688224454505 6.159355825810509e-05
38584.56304623956 5.911156774819973e-05
39120.78784880712 5.672239768080706e-05
39664.4647777224 5.442259722559378e-05
40215.69739810724 5.2208792229939405e-05
40774.590714368904 5.0077767190129935e-05
41341.25119020179 4.802640256844695e-05
41915.78676886829 4.605169060312164e-05
42498.30689376034 4.415081597962389e-05
43088.92252924794 4.2321020413613186e-05
43687.74618181609 4.055961297510374e-05
44294.89192149689 3.886405375247426e-05
44910.475403598066 3.723188621335485e-05
45534.61389073484 3.5660756813191835e-05
46167.42627516664 3.4148396194238345e-05
46809.03310144558 3.269258180375531e-05
47459.55658937835 3.1291200410326486e-05
48119.12065730856 2.9942223495133674e-05
48787.85094572127 2.864368131869771e-05
49465.87484117702 2.7393687136549605e-05
50153.321500576916 2.6190434747677682e-05
50850.321875766596 2.5032170916566843e-05
51557.0087384804 2.391721016271886e-05
52273.51670563398 2.2843940749351505e-05
52999.982264966595 2.1810803308416893e-05
53736.54380104148 2.081629686357181e-05
54483.34162160639 1.9858973922565193e-05
55240.51798432056 1.8937436956988074e-05
56008.217123854134 1.8050352518606677e-05
56786.58527936256 1.7196437018515698e-05
57575.770722344656 1.637445160379558e-05
58375.92378488591 1.558320653610376e-05
59187.19688829625 1.482154466392327e-05
60009.744572143805 1.408835649715709e-05
60843.72352369419 1.3382583308407803e-05
61689.2926077569 1.2703200880835597e-05
62546.61289694847 1.2049222559293998e-05
63415.84770237424 1.1419691986678387e-05
64297.16260473853 1.0813697692665936e-05
65190.72548588514 1.0230364938294823e-05
66096.70656077818 9.668848234150457e-06
67015.27840992535 9.128321861673339e-06
67946.61601225386 8.607995249803463e-06
68890.89677844117 8.107126996378944e-06
69848.30058471099 7.624992399646313e-06
70819.00980709694 7.160885967919667e-06
71803.20935618442 6.71413585219896e-06
72801.08671233321 6.284093787608386e-06
73812.83196139157 5.8701247537922e-06
74838.63783090533 5.471635323859442e-06
75878.69972683015 5.0880488409142666e-06
76933.21577075552 4.718795631936112e-06
78002.38683764367 4.363340428220619e-06
79086.41659409564 4.021171569033172e-06
80185.5115371464 3.6918031025012787e-06
81299.88103360188 3.3747624896690587e-06
82429.73735991989 3.069577952818925e-06
83575.29574264813 2.7757985660396833e-06
84736.77439942134 2.493001388100685e-06
85914.39458053098 2.22077737751028e-06
87108.38061106988 1.9587313570164355e-06
88318.95993366533 1.7064833267091406e-06
89546.36315180332 1.4636667613615595e-06
90790.82407375761 1.2299283644254255e-06
92052.5797571265 1.0049293431117767e-06
93331.8705539914 7.883434102011477e-07
94628.94015670012 5.798564225757696e-07
95944.03564428937 3.791640536821017e-07
97277.40752954928 1.8597473435202905e-07
98629.30980674532 0.0
