3849.5909565252637 3.003865231656417e-08
3903.0902315631893 5.701865002559331e-08
3957.3330070046322 5.4135924606659315e-08
4012.3296155662606 1.5648147343824614e-07
4068.090533562524 3.308474055348483e-07
4124.626382901348 4.825486315913922e-07
4181.947933107477 6.506866704115179e-07
4240.06610337394 9.99654782372272e-07
4298.991964642105 1.4062774027117063e-06
4358.736741710519 1.7963878120638725e-06
4419.311815373194 2.387786345916844e-06
4480.7287245874595 3.209953709731907e-06
4542.999168672099 3.911659844837724e-06
4606.1350095358775 4.507054484546061e-06
4670.148273937197 5.210771238950175e-06
4735.051155774997 5.852410122519354e-06
4800.856018411652 6.386732201041906e-06
4867.575397027993 6.6739994332861565e-06
4935.2220010112105 7.087181699086287e-06
5003.808716375796 7.696399346470418e-06
5073.348608218278 7.972608172574033e-06
5143.8549232059095 7.900477205247612e-06
5215.341092100118 7.746916156340143e-06
5287.820732314845 7.507652459842744e-06
5361.307650510617 7.3189055732150686e-06
5435.815845224494 7.167355143605897e-06
5511.359509536735 6.929599411582222e-06
5587.953033774356 6.7207463319715725e-06
5665.61100825243 6.411864942270624e-06
5744.348226053355 6.099716296209942e-06
5824.17968584476 5.82325614269404e-06
5905.12059473669 5.5287004154934615e-06
5987.186371178312 5.248973005617826e-06
6070.392647895075 4.983319930830273e-06
6154.755274866495 4.731238536306228e-06
6240.290322345519 4.4919748398088295e-06
6327.014083919647 4.264774859101216e-06
6414.943079614811 4.049135939358812e-06
6504.0940590421615 3.8443040983447585e-06
6594.484004588822 3.649776681234478e-06
6686.130134652754 3.4650510332033982e-06
6779.049906922799 3.2898758268392316e-06
6873.261021704094 3.123497079905116e-06
6968.78142528991 2.9654121375764774e-06
7065.629313380139 2.815369672441029e-06
7163.823134547507 2.673118357086483e-06
7263.381593751727 2.5379042092759784e-06
7364.3236559027355 2.409450768855999e-06
7466.6685494731955 2.2875821066379437e-06
7570.435770161459 2.1718709660209245e-06
7675.645084605177 2.0619906213689676e-06
7782.316534146764 1.9576897452697866e-06
7890.470438651029 1.8586667448286364e-06
8000.127400375862 1.7646451598920011e-06
8111.308307896872 1.6753736630475935e-06
8224.034340086333 1.5906260596243552e-06
8338.326970147675 1.510176154951228e-06
8454.207969705787 1.4337977543571528e-06
8571.69941295444 1.3612646631710717e-06
8690.823680861058 1.2924009522043833e-06
8811.603465430217 1.227030692268487e-06
8934.061774026108 1.1649528214335527e-06
9058.221933755356 1.1060416759934368e-06
9184.107595910458 1.0500710612770813e-06
9311.742740475276 9.969655790607993e-07
9441.151680692832 9.465241674147615e-07
9572.359067696898 8.986462953740531e-07
9705.38989520764 8.532062992325305e-07
9840.269504292832 8.100282498015922e-07
9977.023588194927 7.690618815987813e-07
10115.67819722552 7.301563981767254e-07
10256.25974372752 6.932364013117382e-07
10398.795007106608 6.581510945564472e-07
10543.311138932282 6.248753451696242e-07
10689.835668110107 5.932583567038965e-07
10838.396506125651 5.632498636768069e-07
10989.021952361272 5.347493351234403e-07
11141.740699487027 5.077065055613392e-07
11296.581838926179 4.820208440255892e-07
11453.574866396988 4.5764208503373235e-07
11612.749687531192 4.344948303620828e-07
11774.13662357091 4.1250368178695415e-07
11937.766417144358 3.91643506567118e-07
12103.670238122208 3.718389064788879e-07
12271.879689554951 3.5303961603980655e-07
12442.426813693159 3.351702370261879e-07
12615.344098091025 3.1820563669680296e-07
12790.664481795127 3.021206823104232e-07
12968.42136161878 2.868399756433625e-07
13148.64859850402 2.7233838395439196e-07
13331.380523971564 2.585405090198256e-07
13516.651946660839 2.4547399685501494e-07
13704.498158960478 2.3305590941390522e-07
13894.954943731389 2.212686537776363e-07
14088.058581122814 2.1007453083436514e-07
14283.84585548357 1.9944840784286302e-07
14482.354062368882 1.893601255136555e-07
14683.62101564501 1.797820378313909e-07
14887.685054692352 1.7068649878071776e-07
15094.58505170861 1.6205340216865303e-07
15304.360419113784 1.5385510197984509e-07
15517.051117057608 1.460740052954339e-07
15732.69766103181 1.386849793741907e-07
15951.341129587669 1.3166791802313255e-07
16173.023172161324 1.2500774159752218e-07
16397.78601700733 1.1868434390437663e-07
16625.67247924299 1.126826452989587e-07
16856.725969003943 1.0698253958828538e-07
17090.99049971364 1.0156894712761944e-07
17328.510696467205 9.643181482046941e-08
17569.33180453234 9.155354974797518e-08
17813.499697967836 8.692409881364525e-08
18061.060888362415 8.252586909861956e-08
18312.06253369443 7.835132078052943e-08
18566.552447315302 7.438788748876055e-08
18824.579107057205 7.062551612682142e-08
19086.191664467897 6.705415359822054e-08
19351.43995417332 6.366123353234357e-08
19620.374503370906 6.044172938094475e-08
19893.04654145421 5.7383074773409726e-08
20169.508009771867 5.448024316149275e-08
20449.81157152182 5.172569472282523e-08
20734.01062178298 4.9109376360915644e-08
21022.159297686794 4.66237482533954e-08
21314.31248872947 4.4266297126141615e-08
21610.525847228237 4.2026969882662816e-08
21910.85579892224 3.990073997471324e-08
22215.35955372141 3.788258085404716e-08
22524.095116604058 3.5967465972418824e-08
22837.121298666603 3.4147855507459615e-08
23154.497728326147 3.2418722910923793e-08
23476.284862679473 3.078006818281136e-08
23802.54399901916 2.9221838226630822e-08
24133.337286510483 2.774403304238218e-08
24468.727738029847 2.63416260818197e-08
24808.7792421685 2.500883681446076e-08
25153.55657540231 2.3743654621007082e-08
25503.125414431415 2.254256091768663e-08
25857.552348690613 2.1402288448139683e-08
26216.904893034392 2.031982128341878e-08
26581.251500597446 1.9291892167164202e-08
26950.661575834725 1.8315987825253066e-08
27325.205487741892 1.738959498356251e-08
27704.954583260303 1.6509949040557367e-08
28089.981200867736 1.5674788049527057e-08
28480.35868435799 1.4881850063760995e-08
28876.161396812553 1.412912446396088e-08
29277.46473476558 1.341434930341613e-08
29684.345142566675 1.2735765290240733e-08
30096.880126942287 1.2091613132548684e-08
30515.148271760496 1.147988221104168e-08
30939.22925299995 1.0899315888658285e-08
31369.203853927873 1.0347903546100205e-08
31805.153980487972 9.824388546306001e-09
32247.162676903234 9.327514252214239e-09
32695.31414149451 8.855772699351196e-09
33149.693742719995 8.407655923243148e-09
33610.38803543657 7.982409941653234e-09
34077.484777388156 7.57852679010773e-09
34551.072945922184 7.195252486369775e-09
35031.24275493945 6.831330393377933e-09
35518.08567207842 6.485755201483056e-09
36011.6944361395 6.1577729284482815e-09
36512.16307475026 5.846126937212175e-09
37019.58692227738 5.550565900362447e-09
37534.06263798633 5.269581853425376e-09
38055.688224454505 5.003174796400961e-09
38584.56304623956 4.750088092227767e-09
39120.78784880712 4.509819086081219e-09
39664.4647777224 4.281613795724457e-09
40215.69739810724 4.064969566332905e-09
40774.590714368904 3.859383743081989e-09
41341.25119020179 3.6641023437348477e-09
41915.78676886829 3.4788740408791935e-09
42498.30689376034 3.302944852278165e-09
43088.92252924794 3.135812123107188e-09
43687.74618181609 2.9772245259539754e-09
44294.89192149689 2.8266794059939524e-09
44910.475403598066 2.6836741084025447e-09
45534.61389073484 2.5479573057674655e-09
46167.42627516664 2.419001210522912e-09
46809.03310144558 2.2966298934802825e-09
47459.55658937835 2.180466363521146e-09
48119.12065730856 2.0701587622683014e-09
48787.85094572127 1.965430629568232e-09
49465.87484117702 1.8660306380086507e-09
50153.321500576916 1.7716320619535848e-09
50850.321875766596 1.6820087067319752e-09
51557.0087384804 1.5969343776727636e-09
52273.51670563398 1.5161577473636629e-09
52999.982264966595 1.4394526211336143e-09
53736.54380104148 1.3666430697940175e-09
54483.34162160639 1.2975028986738132e-09
55240.51798432056 1.2318813113256297e-09
56008.217123854134 1.1695772458196368e-09
56786.58527936256 1.110414772967234e-09
57575.770722344656 1.0542430963210483e-09
58375.92378488591 1.0009114194337081e-09
59187.19688829625 9.502689458578405e-10
60009.744572143805 9.022151446285312e-10
60843.72352369419 8.565740865571786e-10
61689.2926077569 8.132452406788682e-10
62546.61289694847 7.721029432874563e-10
63415.84770237424 7.33046663418028e-10
64297.16260473853 6.959758701056684e-10
65190.72548588514 6.607648996442341e-10
66096.70656077818 6.273383538100387e-10
67015.27840992535 5.955957016381674e-10
67946.61601225386 5.654866776461627e-10
68890.89677844117 5.368856181278813e-10
69848.30058471099 5.097171248596367e-10
70819.00980709694 4.839309323589717e-10
71803.20935618442 4.594516424022001e-10
72801.08671233321 4.362038567656356e-10
73812.83196139157 4.141373099668209e-10
74838.63783090533 3.932017365232985e-10
75878.69972683015 3.7329660547015355e-10
76933.21577075552 3.544219168073861e-10
78002.38683764367 3.365022723113099e-10
79086.41659409564 3.194874064994676e-10
80185.5115371464 3.033270538894017e-10
81299.88103360188 2.879709489986548e-10
82429.73735991989 2.7339395908599813e-10
83575.29574264813 2.5957095141020305e-10
84736.77439942134 2.464441206664435e-10
85914.39458053098 2.3397828101699917e-10
87108.38061106988 2.221432731723957e-10
88318.95993366533 2.1090642456903572e-10
89546.36315180332 2.0023757591744478e-10
90790.82407375761 1.9010908120227129e-10
92052.5797571265 1.8049329440816366e-10
93331.8705539914 1.7136256951977028e-10
94628.94015670012 1.6269428706998533e-10
95944.03564428937 1.5446331431758006e-10
97277.40752954928 1.4665205834369441e-10
98629.30980674532 1.3923287313297675e-10
100000.0 1.3220324541130424e-10
