0.001 0.022033874235217372
0.001011664140702465 0.022033874235217372
0.0010234643335832573 0.022033874235217372
0.0010354021655741273 0.022033874235217372
0.0010474792421170211 0.022033874235217372
0.0010596971873799857 0.022033874235217372
0.0010720576444755924 0.022033874235217372
0.0010845622756819092 0.022033874235217372
0.0010972127626660488 0.022033874235217372
0.0011100108067103262 0.022033874235217372
0.0011229581289410524 0.022033874235217372
0.0011360564705599977 0.022033874235217372
0.0011493075930785557 0.022033874235217372
0.0011627132785546356 0.022033874235217372
0.0011762753298323217 0.022033874235217372
0.0011899955707843244 0.022033874235217372
0.0012038758465572632 0.022033874235217372
0.0012179180238198067 0.022033874235217372
0.0012321239910137091 0.022033874235217372
0.001246495658607776 0.022033874235217372
0.0012610349593547893 0.022033874235217372
0.001275743848551431 0.022033874235217372
0.0012906243043012394 0.022033874235217372
0.0013056783277806303 0.022033874235217372
0.001320907943508023 0.022033874235217372
0.0013363151996161047 0.022033874235217372
0.0013519021681272698 0.022033874235217372
0.001367670945232274 0.022033874235217372
0.001383623651572137 0.022033874235217372
0.0013997624325233328 0.022033874235217372
0.00141608945848631 0.022033874235217372
0.0014326069251773721 0.022033874235217372
0.0014493170539239672 0.022033874235217372
0.0014662220919634185 0.022033874235217372
0.0014833243127451428 0.022033874235217372
0.0015006260162363897 0.022033874235217372
0.001518129529231551 0.022033874235217372
0.001535837205665075 0.022033874235217372
0.0015537514269280332 0.022033874235217372
0.0015718746021883782 0.022033874235217372
0.001590209168714935 0.022033874235217372
0.0016087575922051761 0.022033874235217372
0.0016275223671168165 0.022033874235217372
0.0016465060170032762 0.022033874235217372
0.001665711094853058 0.022033874235217372
0.0016851401834330816 0.021761937975122637
0.001704795895636023 0.018215205532925906
0.0017246808748317068 0.012622667954711501
0.0017447977952225946 0.008709751472812343
0.0017651493622034221 0.006151489743141102
0.0017857383127250295 0.004431656260859906
0.0018065674156624372 0.003241118308855518
0.0018276394721872128 0.0024085711229129936
0.0018489573161441836 0.0018186805535337456
0.0018705238144325418 0.0013983857219658888
0.001892341867391395 0.0010977227386467312
0.0019144144091898141 0.0008819832879394129
0.0019367444082214306 0.0007272912656766515
0.001959334867503638 0.000616506142340461
0.001982188825081447 0.0005374385384349131
0.0020053093544360506 0.00048111606534135523
0.002028699564898163 0.0004410796085640069
0.002052362602066165 0.00041295607112907113
0.0020763016482291423 0.0003932017365232985
0.0021005199227948474 0.00037942899432996083
0.0021250206827226575 0.0003699288181455053
0.0021498072229615833 0.0003634194381672673
0.0021748828768933834 0.00035897094296978414
0.0022002510167808504 0.0003559801467635666
0.0022259150542213247 0.00035502510259687536
0.0022518784406054975 0.00035502510259687536
0.002278144667581568 0.00035502510259687536
0.00230471726752481 0.00035502510259687536
0.0023315998140126205 0.00035502510259687536
0.0023587959223051055 0.00035502510259687536
0.002386309249831274 0.00035502510259687536
0.0024141434966808996 0.00035502510259687536
0.0024423024061021267 0.00035502510259687536
0.0024707897650048717 0.00035502510259687536
0.002499609404470099 0.00035502510259687536
0.0025287652002650442 0.00035502510259687536
0.002558261073364433 0.00035502510259687536
0.0025881009904777956 0.00035502510259687536
0.002618288964582918 0.00035502510259687536
0.002648829055465525 0.00035502510259687536
0.002679725370265253 0.00035502510259687536
0.0027109820640279928 0.00035502510259687536
0.002742603340264675 0.00035502510259687536
0.002774593451516573 0.00035502510259687536
0.002806956699927201 0.00035502510259687536
0.0028396974378208793 0.00035502510259687536
0.002872820068288052 0.00035502510259687536
0.00290632904577743 0.00035502510259687536
0.002940228876695039 0.00035502510259687536
0.0029745241200102614 0.00035502510259687536
0.0030092193878689375 0.00035502510259687536
0.003044319346213627 0.00035502510259687536
0.0030798287154111 0.00035502510259687536
0.0031157522708871476 0.00035502510259687536
0.0031520948437688007 0.00035502510259687536
0.0031888613215340354 0.00035502510259687536
0.003226056648669057 0.00035502510259687536
0.0032636858273332567 0.00035502510259687536
0.0033017539180319132 0.00035502510259687536
0.0033402660402967535 0.00035502510259687536
0.003379227373374441 0.00035502510259687536
0.003418643156923102 0.00035502510259687536
0.003458518691716974 0.00035502510259687536
0.003498859340359266 0.00035502510259687536
0.003539670528003351 0.00035502510259687536
0.0035809577430823514 0.00035502510259687536
0.0036227265380472462 0.00035502510259687536
0.0036649825301135843 0.00035502510259687536
0.0037077314020169064 0.00035502510259687536
0.0037509789027769798 0.00035502510259687536
0.003794730848470949 0.00035502510259687536
0.003838993123015499 0.00035502510259687536
0.003883771678958149 0.00035502510259687536
0.003929072538277766 0.00035502510259687536
0.003974901793194431 0.00035502510259687536
0.004021265606988731 0.00035502510259687536
0.004068170214830633 0.00035502510259687536
0.004115621924617995 0.00035502510259687536
0.004163627117824889 0.00035502510259687536
0.004212192250359799 0.00035502510259687536
0.004261323853433829 0.00035502510259687536
0.0043110285344390535 0.00035502510259687536
0.0043613129778370925 0.00035502510259687536
0.004412183946058071 0.00035502510259687536
0.004463648280410051 0.00035502510259687536
0.004515712901999071 0.00035502510259687536
0.004568384812659926 0.00035502510259687536
0.004621671095897797 0.00035502510259687536
0.004675578917840865 0.00035502510259687536
0.00473011552820404 0.00035502510259687536
0.0047852882612639275 0.00035502510259687536
0.004841104536845166 0.00035502510259687536
0.00489757186131827 0.00035502510259687536
0.0049546978286091215 0.00035502510259687536
0.005012490121220217 0.00035502510259687536
0.005070956511263847 0.00035502510259687536
0.00513010486150731 0.00035502510259687536
0.005189943126430332 0.00035502510259687536
0.005250479353294807 0.00035502510259687536
0.005311721683227026 0.00035502510259687536
0.0053736783523125236 0.00035502510259687536
0.005436357692703687 0.00035502510259687536
0.005499768133740312 0.00035502510259687536
0.005563918203083193 0.00035502510259687536
0.005628816527860962 0.00035502510259687536
0.005694471835830296 0.00035502510259687536
0.005760892956549646 0.00035502510259687536
0.005828088822566681 0.00035502510259687536
0.005896068470619563 0.00035502510259687536
0.005964841042852239 0.00035502510259687536
0.0060344157880439075 0.00035502510259687536
0.006104802062852829 0.00035502510259687536
0.006176009333074644 0.00035502510259687536
0.006248047174915365 0.00035502510259687536
0.006320925276279219 0.00035502510259687536
0.006394653438071509 0.00035502510259687536
0.006469241575516677 0.00035502510259687536
0.0065446997194917415 0.00035502510259687536
0.006621038017875277 0.00032466475119258357
0.006698266736912147 0.00023793920103464518
0.006776396262594133 0.0002241262464553416
0.006855437102056689 0.00021821502571834703
0.006935399884991979 0.0002147894330888727
0.007016295365078386 0.00021263555716557155
0.0070981344214267154 0.00021121053073790323
0.007180928060043249 0.00021024040692647471
0.007264687415309873 0.00020956936273566792
0.007349423751481475 0.000209096867200568
0.007435148464200795 0.00020876260174222607
0.0075218730820309524 0.00020852384070055324
0.0076096092680058465 0.00020835293806019796
0.00769836882119865 0.0002082297876281772
0.007788163678308582 0.0002081418230338767
0.007879005915266205 0.00020807899118080494
0.007970907748857425 0.00020803375224659321
0.008063881538366466 0.00020800359295711877
0.008157939787237984 0.0002079809734900129
0.008253095144758568 0.0002079658938452757
0.008349360407757866 0.00020795332747466133
0.008446748522329545 0.0002079457876522927
0.008545272585572337 0.000207940761104047
0.00864494584735137 0.0002079382478299241
0.00874578171208007 0.00020793573455580124
0.00884779374052282 0.00020793322128167835
0.008950995651618669 0.00020793322128167835
0.009055401324326303 0.00020793322128167835
0.009161024799490533 0.00020793322128167835
0.009267880281730565 0.00020793322128167835
0.009375982141350275 0.00020793322128167835
0.009485344916270785 0.00020793322128167835
0.00959598331398558 0.00020793322128167835
0.009707912213538415 0.00020793322128167835
0.009821146667524311 0.00020793322128167835
0.009935701904113862 0.00020793322128167835
0.010051593329101195 0.00020793322128167835
0.010168836527975792 0.00020793322128167835
0.010287447268018468 0.00020793322128167835
0.010407441500421827 0.00020793322128167835
0.010528835362435424 0.00020793322128167835
0.010651645179535965 0.00020793322128167835
0.010775887467622808 0.00020793322128167835
0.010901578935239091 0.00020793322128167835
0.01102873648581875 0.00020793322128167835
0.011157377219959753 0.00020793322128167835
0.011287518437723841 0.00020793322128167835
0.011419177640963122 0.00020793322128167835
0.01155237253567376 0.00020793322128167835
0.011687121034377154 0.00020793322128167835
0.011823441258528869 0.00020793322128167835
0.011961351540955689 0.00020793322128167835
0.012100870428321043 0.00020793322128167835
0.01224201668361928 0.00020793322128167835
0.012384809288698942 0.00020793322128167835
0.012529267446815522 0.00020793322128167835
0.012675410585213997 0.00020793322128167835
0.012823258357741448 0.00020793322128167835
0.012972830647490205 0.00020793322128167835
0.013124147569471785 0.00020793322128167835
0.013277229473322025 0.00020793322128167835
0.013432096946037772 0.00020793322128167835
0.013588770814745509 0.00020793322128167835
0.013747272149502254 0.00020793322128167835
0.013907622266129127 0.00020793322128167835
0.014069842729077997 0.00020793322128167835
0.014233955354331517 0.00020793322128167835
0.014399982212337048 0.00020793322128167835
0.014567945630974743 0.00020793322128167835
0.014737868198560294 0.00020793322128167835
0.014909772766882696 0.00020793322128167835
0.0150836824542774 0.00020793322128167835
0.015259620648735397 0.00020793322128167835
0.015437611011048489 0.00020793322128167835
0.015617677477991284 0.00020793322128167835
0.015799844265540295 0.00020793322128167835
0.015984135872130593 0.00020793322128167835
0.016170577081950445 0.00020793322128167835
0.016359192968274375 0.00020793322128167835
0.016550008896835115 0.00020793322128167835
0.01674305052923485 0.00020793322128167835
0.016938343826396328 0.00020793322128167835
0.017135915052054147 0.00020793322128167835
0.017335790776286795 0.00020793322128167835
0.017537997879089905 0.00020793322128167835
0.017742563553991144 0.00020793322128167835
0.017949515311707326 0.00020793322128167835
0.018158880983844137 0.00020793322128167835
0.018370688726639012 0.00020793322128167835
0.01858496702474773 0.00020793322128167835
0.018801744695075062 0.00020793322128167835
0.019021050890650246 0.00020793322128167835
0.019242915104547544 0.00020793322128167835
0.019467367173852577 0.00020793322128167835
0.019694437283674943 0.00020793322128167835
0.019924155971207603 0.00020793322128167835
0.02015655412983363 0.00020793322128167835
0.020391663013280867 0.00020793322128167835
0.02062951423982504 0.00020793322128167835
0.020870139796541867 0.00020793322128167835
0.02111357204360885 0.00020793322128167835
0.021359843718657137 0.00020793322128167835
0.02160898794117422 0.00020793322128167835
0.02186103821695795 0.00020793322128167835
0.022116028442622514 0.00020793322128167835
0.022373992910156987 0.00020793322128167835
0.022634966311537014 0.00020793322128167835
0.022898983743390344 0.00020793322128167835
0.023166080711716722 0.00020793322128167835
0.023436293136662848 0.00020793322128167835
0.0237096573573531 0.00020793322128167835
0.023986210136776508 0.00020793322128167835
0.024265988666730767 0.00020793322128167835
0.024549030572823937 0.00020793322128167835
0.024835373919534477 0.00020793322128167835
0.02512505721533026 0.00020793322128167835
0.025418119417847357 0.00020793322128167835
0.025714599939129206 0.00020793322128167835
0.02601453865092681 0.00020793322128167835
0.02631797589006094 0.00020793322128167835
0.026624952463846698 0.00020793322128167835
0.02693550965558145 0.00020793322128167835
0.02724968923009676 0.00020793322128167835
0.02756753343937506 0.00020793322128167835
0.027889085028231845 0.00020793322128167835
0.028214387240064157 0.00020793322128167835
0.0285434838226661 0.00020793322128167835
0.02887641903411223 0.00020793322128167835
0.02921323764870946 0.00020793322128167835
0.02955398496301856 0.00020793322128167835
0.029898706801945747 0.00020793322128167835
0.030247449524905396 0.00020793322128167835
0.030600260032054603 0.00020793322128167835
0.030957185770600512 0.00020793322128167835
0.031318274741181144 0.00020793322128167835
0.03168357550432074 0.00020793322128167835
0.03205313718696034 0.00020793322128167835
0.03242700948906446 0.00020793322128167835
0.03280524269030508 0.00020793322128167835
0.03318788765682332 0.00020793322128167835
0.03357499584807011 0.00020793322128167835
0.03396661932372668 0.00020793322128167835
0.034362810750705707 0.00020793322128167835
0.03476362341023412 0.00020793322128167835
0.0351691112050186 0.00020793322128167835
0.03557932866649458 0.00020793322128167835
0.03599433096215984 0.00020793322128167835
0.03641417390299358 0.00020793322128167835
0.03683891395096213 0.00020793322128167835
0.03726860822661216 0.00020793322128167835
0.03770331451675241 0.00020793322128167835
0.03814309128222511 0.00020793322128167835
0.03858799766576796 0.00020793322128167835
0.039038093499967876 0.00020793322128167835
0.03949343931530749 0.00020793322128167835
0.03995409634830552 0.00020793322128167835
0.04042012654975201 0.00020793322128167835
0.04089159259303976 0.00020793322128167835
0.04136855788259286 0.00020793322128167835
0.041851086562393496 0.00020793322128167835
0.04233924352460831 0.00020793322128167835
0.04283309441831527 0.00020793322128167835
0.04333270565833248 0.00020793322128167835
0.043838144434149774 0.00020793322128167835
0.04434947871896469 0.00020793322128167835
0.0448667772788237 0.00020793322128167835
0.045390109681870065 0.00020793322128167835
0.045919546307699725 0.00020793322128167835
0.0464551583568261 0.00020793322128167835
0.04699701786025542 0.00020793322128167835
0.04754519768917371 0.00020793322128167835
0.048099771564746756 0.00020793322128167835
0.048660814068034394 0.00020793322128167835
0.04922840065002044 0.00020793322128167835
0.04980260764175963 0.00020793322128167835
0.050383512264642785 0.00020793322128167835
0.05097119264078196 0.00020793322128167835
0.051565727803516495 0.00020793322128167835
0.05216719770804173 0.00020793322128167835
0.05277568324216165 0.00020793322128167835
0.05339126623716695 0.00020793322128167835
0.05401402947884004 0.00020793322128167835
0.05464405671858834 0.00020793322128167835
0.05528143268470744 0.00020793322128167835
0.055926243093775745 0.00020793322128167835
0.05657857466218182 0.00020793322128167835
0.057238515117786444 0.00020793322128167835
0.05790615321172048 0.00020793322128167835
0.058581578730320494 0.00020793322128167835
0.05926488250720349 0.00020793322128167835
0.05995615643548258 0.0002072672036391173
0.06065549348012506 0.0002062392745228627
0.061362987690454694 0.0002059477347246096
0.06207873421279983 0.0002058145311960974
0.06280282930328887 0.0002057341064241655
0.06353537034079533 0.0002056788143934623
0.0642764558400336 0.00020564865510398786
0.06502618546480754 0.00020563106218512774
0.06578466004141365 0.00020562100908863627
0.06655198157220053 0.00020561598254039052
0.06732825324928655 0.00020561095599214477
0.06811357946843744 0.0002056084427180219
0.06890806584310583 0.00020560592944389905
0.06971181921863459 0.00020560592944389905
0.07052494768662555 0.00020560592944389905
0.07134756059947635 0.00020560341616977616
0.0721797685850863 0.00020560341616977616
0.07302168356173412 0.00020560341616977616
0.07387341875312908 0.00020560341616977616
0.07473508870363771 0.00020560341616977616
0.07560680929368814 0.00020560341616977616
0.07648869775535418 0.00020560341616977616
0.07738087268812101 0.00020560341616977616
0.0782834540748348 0.00020560341616977616
0.07919656329783864 0.00020560341616977616
0.08012032315529631 0.00020560341616977616
0.08105485787770667 0.00020560341616977616
0.08200029314461055 0.00020527166398555708
0.08295675610149267 0.00020504295604037575
0.08392437537688058 0.00020494493834958375
0.08490328109964301 0.00020488713304475767
0.0858936049164902 0.00020485697375528323
0.08689548000967814 0.00020484189411054598
0.08790904111491928 0.00020483686756230025
0.08893442453950248 0.0002048343542881774
0.08997176818062401 0.0002048318410140545
0.0910212115439324 0.0002048318410140545
0.09208289576228967 0.0002048318410140545
0.09315696361475145 0.00020482932773993164
0.09424355954576834 0.00020482932773993164
0.09534282968461133 0.00020482932773993164
0.09645492186502387 0.00020482932773993164
0.09757998564510278 0.00020482932773993164
0.0987181723274118 0.00020482932773993164
0.09986963497932892 0.00020482932773993164
0.10103452845363166 0.00020482932773993164
0.10221300940932208 0.00020482932773993164
0.10340523633269476 0.00020482932773993164
0.10461136955865102 0.00020482932773993164
0.10583157129226066 0.00020482932773993164
0.10706600563057661 0.0002024392040490805
0.10831483858470253 0.00020006416000296662
0.10957823810211936 0.00019904879725732644
0.11085637408927067 0.00019853357606213767
0.11214941843441308 0.00019832246103581645
0.11345754503073177 0.0001982470628121303
0.11478092979972646 0.00019821187697441011
0.1161197507148703 0.00019818925750730425
0.11747418782554366 0.0001981766911366899
0.11884442328124868 0.00019816663804019842
0.12023064135610444 0.00019815909821782978
0.12163302847362972 0.00019815407166958403
0.12305177323181303 0.00019814904512133828
0.1244870664284768 0.00019814653184721542
0.12593910108693562 0.00019814653184721542
0.12740807248195568 0.0001981440185730926
0.12889417816601514 0.0001981440185730926
0.1303976179958721 0.0001981440185730926
0.13191859415944232 0.0001981415052989697
0.1334573112029894 0.0001981415052989697
0.1350139760586338 0.0001981415052989697
0.1365887980721809 0.0001981415052989697
0.1381819890312755 0.0001981415052989697
0.1397937631938827 0.0001981415052989697
0.14142433731710333 0.0001981415052989697
0.143073930686323 0.0001981415052989697
0.14474276514470294 0.0001981415052989697
0.14643106512301468 0.0001981415052989697
0.14813905766982133 0.0001981415052989697
0.14986697248201278 0.0001981415052989697
0.1516150419356954 0.0001981415052989697
0.15338350111744356 0.0001981415052989697
0.15517258785591406 0.0001981415052989697
0.15698254275383117 0.0001981415052989697
0.1588136092203427 0.0001981415052989697
0.160666033503755 0.0001981415052989697
0.16254006472464985 0.0001981415052989697
0.1644359549093859 0.0001981415052989697
0.16635395902399328 0.00019806862034940642
0.16829433500846117 0.00019742270889982835
0.17025734381142774 0.00019717892130990977
0.17224324942527217 0.00019709346998973216
0.1742523189216184 0.00019706331070025768
0.1762848224872511 0.00019704823105552043
0.1783410334604514 0.00019704069123315182
0.18042122836775723 0.00019703566468490607
0.18252568696115026 0.00019703063813666032
0.18465469225567932 0.0001970281248625375
0.1868085305675199 0.0001970281248625375
0.1889874915524803 0.0001970256115884146
0.19119186824495427 0.0001970256115884146
0.19342195709733068 0.00019702309831429174
0.19567805801986005 0.00019702309831429174
0.19796047442098894 0.00019702309831429174
0.2002695132481622 0.00019702309831429174
0.2026054850291029 0.0001969904257506944
0.20496870391357364 0.00019694518681648269
0.20735948771562338 0.00019693262044586832
0.20977815795632962 0.00019692759389762258
0.2122250399070361 0.00019692508062349971
0.21470046263309814 0.00019692508062349971
0.21720475903813485 0.00019692256734937685
0.21973826590880083 0.00019692256734937685
0.2223013239600769 0.00019692256734937685
0.2248942778810914 0.00019692256734937685
0.22751747638147587 0.00019692256734937685
0.23017127223825906 0.00019692256734937685
0.23285602234331165 0.00019692256734937685
0.2355720877513403 0.00019692256734937685
0.23831983372844553 0.00019692256734937685
0.24109962980124208 0.0001966134346322636
0.24391184980655617 0.0001960102488427744
0.2467568719416985 0.00019581421346119037
0.24963507881532657 0.00019575389488224145
0.2525468574988996 0.00019573378868925848
0.25549259957873205 0.00019572373559276698
0.2584727012086571 0.00019571870904452123
0.261487563163301 0.00019571368249627548
0.26453759089198264 0.00019571116922215262
0.26762319457323774 0.00019570865594802973
0.27074478916998335 0.00019570614267390687
0.2739027944853214 0.00019570614267390687
0.27709763521899644 0.00019570362939978403
0.28032974102451136 0.00019570362939978403
0.2835995465669067 0.00019566593028794095
0.2869074915812186 0.00019560561170899198
0.2902540209316131 0.00019557293914539467
0.29363958467121587 0.00019555534622653456
0.2970646381026342 0.00019554780640416595
0.3005296418391904 0.0001955452931300431
0.304035061866864 0.0001955427798559202
0.307581369606962 0.0001955427798559202
0.3111690419795147 0.0001955427798559202
0.31479856146741486 0.0001955427798559202
0.3184704161813046 0.0001955427798559202
0.3221850999252158 0.0001955427798559202
0.3259431122629815 0.0001955427798559202
0.32974495858541614 0.00019461035515633477
0.33359115017828517 0.00019347686852691954
0.3374822042910617 0.0001928586030926931
0.34141864420649093 0.00019244391286241924
0.34540099931096047 0.00019211467395232302
0.34942980516569544 0.00019182816070231564
0.35350560357878325 0.00019157180674178272
0.35762894267803585 0.00019134561207072423
0.3618003769847065 0.00019116214305975462
0.3660204674880609 0.00019101888643475093
0.3702897817208239 0.00019091835546983604
0.3746088938355005 0.00019085552361676426
0.3789783846815928 0.00019081279795667543
0.3833988418837121 0.00019078766521544668
0.38787085992060566 0.0001907700722965866
0.392395040205106 0.0001907600192000951
0.3969719911650076 0.00019075247937772649
0.4016023283248942 0.00019074745282948076
0.4062866743889132 0.00019074493955535787
0.41102565932452234 0.00019074493955535787
0.4158199204472069 0.000190742426281235
0.42067010250619113 0.000190742426281235
0.42557685777114407 0.000190742426281235
0.4305408461198994 0.00019057152364087974
0.4355627351272006 0.0001902070988930633
0.4406432001544746 0.0001899406918360389
0.44578292444066114 0.0001896994175202432
0.45098259919409317 0.00018948830249392197
0.4562429236854567 0.00018930986003119806
0.46156460534182775 0.00018916660340619437
0.4669483598418129 0.00018905853261891087
0.47239491121179333 0.00018898062112110184
0.477904991923296 0.00018892532909039867
0.4834793429915001 0.0001888876299785556
0.4891187140748881 0.0001888624972373269
0.4948238635760666 0.00018884490431846676
0.500595558743755 0.00018883485122197526
0.5064345757759717 0.00018882731139960668
0.5123416999244156 0.00018882479812548381
0.5183177256000744 0.00018882228485136093
0.5243634564800551 0.00018881977157723806
0.5304797056156698 0.00018881725830311518
0.5366672955417735 0.00018881725830311518
0.5429270583873839 0.00018881725830311518
0.5492598359875901 0.00018880971848074656
0.5556664799967621 0.00018880469193250082
0.5621478520030881 0.00018879966538425507
0.5687048236444405 0.00018879212556188648
0.5753382767256001 0.00018878709901364073
0.5820491033368411 0.00018878207246539498
0.5888382059739059 0.00018877704591714923
0.595706497659373 0.0001887695060947806
0.6026549020654444 0.00018876447954653484
0.6096843536381664 0.00018875945299828915
0.6167957977230932 0.0001887544264500434
0.6239901906924249 0.0001887519131759205
0.6312685000736191 0.00018874688662767476
0.6386317046795122 0.0001887443733535519
0.646080794739949 0.000188741860079429
0.6536167720349565 0.00018873934680530615
0.6612406500294638 0.00018873934680530615
0.6689534540095966 0.00018873683353118326
0.676756221220565 0.00018861870964740832
0.6846500010061499 0.00018844529373293015
0.6926358549498288 0.0001883070636561722
0.7007148570175356 0.00018816380703116852
0.7088880937020963 0.00018802055040616482
0.7171566641693395 0.00018787478050703824
0.7255216804059216 0.0001877365504302803
0.7339842673688656 0.00018761591327238244
0.7425455631368515 0.0001875128690333447
0.7512067190632713 0.0001874223911649213
0.7599688999310621 0.00018735704603772664
0.7688332841093561 0.0001873067805552692
0.7778010637119456 0.00018727410799167186
0.7868734447576091 0.00018724897525044317
0.7960516473322949 0.00018723389560570592
0.8053369057532084 0.00018722384250921445
0.8147304687348014 0.0001872087628644772
0.8242335995567099 0.00018711828499605384
0.8338475762336391 0.00018705293986885917
0.8435736916872375 0.00018700016111227884
0.8534132539199758 0.00018695240890394426
0.8633675861910465 0.0001869071699697326
0.8734380271943272 0.0001868619310355209
0.8836259312384048 0.00018681920537543206
0.8939326684287169 0.00018677647971534323
0.904359624851799 0.0001867287275070087
0.9149082027616995 0.00018668851512104273
0.925579820768552 0.00018665332928332254
0.9363759140293585 0.00018662568326797095
0.9472979344409967 0.00018660055052674223
0.9583473508354707 0.00018658044433375923
0.9695256491774509 0.00018656285141489915
0.9808343327641049 0.00018625874524603165
0.9922749224272746 0.00018598982491488438
1.0038489567379936 0.00018578876298505463
1.0155579922134088 0.00018560529397408497
1.0274036035260994 0.00018543187805960683
1.0393873837158472 0.00018526097541925153
1.0515109444038764 0.000185095099327142
1.0637759160095848 0.0001848563382854692
1.076183947969815 0.00018461255069555062
1.0887367089606688 0.00018441148876572084
1.1014358871219254 0.00018423807285124268
1.1142831902840598 0.00018408476312974754
1.1272803461979253 0.00018394904632711246
1.140429102767102 0.00018380830297623163
1.153731228282963 0.00016605704784638785
1.167188511662484 0.00015035913767493035
1.1808027626888153 0.00013852664310444977
1.1945758122546781 0.00012771956437610088
1.2085095126085776 0.00011737241481223754
1.2226057376039123 0.00010711322984267471
1.236866382950965 9.704505370645015e-05
1.2512933664718546 8.703216960092875e-05
1.2658886283584432 7.773305534630298e-05
1.2806541314332671 6.903461360704354e-05
1.295591861413499 6.147971159369082e-05
1.310703827177994 5.464360597947943e-05
1.3259920610374585 4.854891623151523e-05
1.3414586190077502 4.275330610417277e-05
1.3571055810863921 3.781472245272962e-05
1.3729350515322838 3.370551926183417e-05
1.3889491591487033 3.0109023992004576e-05
1.4051500575695837 2.7083041948066892e-05
1.4215399255491532 2.441645810369987e-05
1.438120967254931 2.2104497238070072e-05
1.454895412564157 2.000314874393693e-05
1.4718655173636774 1.816318075858246e-05
1.4890335638533132 1.646873134494227e-05
1.506401860852792 1.4959007579333159e-05
1.5239727441122337 1.3595305040262902e-05
1.5417485766262815 1.2315545856896564e-05
1.5597317489518752 1.1138579585155682e-05
1.5779246795297526 1.0085517727672385e-05
1.5963298150096807 9.150328426551775e-06
1.6149496305794928 8.293301950652478e-06
1.6337866302979671 7.527004670588857e-06
1.6528433474315682 6.832335703027082e-06
1.6721223447951443 6.198487969238805e-06
1.69162621509657 5.6314933271189194e-06
1.7113575812854358 5.108983636973865e-06
1.7313190969057788 4.6518190740234785e-06
1.7515134464529536 4.236626188925051e-06
1.7719433457346414 3.856870468959117e-06
1.7926115422360862 3.4881731551338194e-06
1.813520815489592 3.163709465871065e-06
1.834673977448311 2.8731749772670814e-06
1.8560738728644204 2.589677656207138e-06
1.8777233796716797 2.340109535805965e-06
1.8996254093724794 2.127662474199609e-06
1.921782907429377 1.9101134661238227e-06
1.944198853661227 1.7307662247156887e-06
1.9668762626439018 1.5583556198866811e-06
1.98981818411572 1.4015273146194786e-06
2.0130277033875705 1.2692034320502765e-06
2.0365079417578427 1.1384377794372548e-06
2.0602620569321948 1.0352678766933661e-06
2.0842932434482013 9.303386820634671e-07
2.1086047331049795 8.499139101315682e-07
2.133199795397799 7.672774569715424e-07
2.1580817379577897 7.059033028910122e-07
2.183253906996749 6.43900830279764e-07
2.208719687757167 5.936353478223272e-07
2.234482504967473 5.460590686763636e-07
2.260545823302609 5.054445588507546e-07
2.286913147849982 4.7214367672270284e-07
2.3135880245808202 4.405769537394326e-07
2.3405740408270703 4.170527079493522e-07
2.3678748257638134 3.953631522689683e-07
2.3954940508973492 3.799316491545352e-07
2.423435430558933 3.671390838691176e-07
2.451702722404313 3.5595501402233794e-07
2.480299727919055 3.4763607667563214e-07
2.5092302929297876 3.4019678527193154e-07
2.5384983081214094 3.340643964121242e-07
2.5681077095603064 3.2908811364883796e-07
2.5980624792237044 3.248406803811846e-07
2.628366645535164 3.21322096609164e-07
2.659024283906354 3.1800457476697323e-07
2.6900395172851077 3.14812716630926e-07
2.721416516709914 3.117213894597936e-07
2.7531595018708326 3.088562569597198e-07
2.785272741676981 3.0581519527104483e-07
2.8177605548306444 3.029249300297422e-07
2.850627310408044 3.000597975296683e-07
2.8838774284469344 2.9732032873573805e-07
2.9175153805410012 2.9463112542426513e-07
2.951545690441239 2.9201732033647845e-07
2.985972934664299 2.894537807311492e-07
3.020801743107978 2.869405066082773e-07
3.05603679967384 2.8440209974417675e-07
3.091682842897148 2.819390911037624e-07
3.1277446665840998 2.796017461694916e-07
3.16422712045652 2.772644012352208e-07
3.2011351108040826 2.750275872658648e-07
3.2384736011441015 2.7284103877896634e-07
3.2762476128890667 2.707047557745253e-07
3.314462226021919 2.6861873825254166e-07
3.353122579779246 2.666332516954729e-07
3.392233873342402 2.6464776513840415e-07
3.4318013665367384 2.62787942287479e-07
3.471830380538937 2.609532521777826e-07
3.5123262985926345 2.591939602917723e-07
3.553294566732389 2.575100666294482e-07
3.594740694516059 2.558513057083527e-07
3.6366702557657735 2.5426794301094347e-07
3.679088889317494 2.5278511127844914e-07
3.7220022997793714 2.5130981936832335e-07
3.765416258298895 2.498948460371465e-07
3.809336603339045 2.4857789039676166e-07
3.853769241463444 2.472709878528683e-07
3.8987201481307046 2.460495366291526e-07
3.9441953684980384 2.448607579690342e-07
3.990201018234209 2.4376245717733924e-07
4.036743284342014 2.4268928912687296e-07
4.083828425990309 2.416437670917583e-07
4.131462775355789 2.406661034579611e-07
4.179652738474534 2.3973619203249854e-07
4.228404796103547 2.388490062671248e-07
4.277725504592279 2.3801962580657706e-07
4.327621496764365 2.3723799755436396e-07
4.37809948280964 2.3638097107846466e-07
4.42916625118652 2.3560436937449726e-07
4.480828669534971 2.348503871376357e-07
4.533093685600066 2.3417682967270606e-07
4.585968328166363 2.335208651266365e-07
4.639459708003142 2.3288500677354993e-07
4.693575018820711 2.3227930770993782e-07
4.748321538237809 2.3155297148842787e-07
4.803706628760363 2.3089198039411255e-07
4.8597377387715905 2.3029633442699196e-07
4.9164224035337005 2.2969063536337985e-07
4.973768246201272 2.2911006904099642e-07
5.031782978846414 2.2853955581510452e-07
5.090474403495951 2.2791375055850944e-07
5.149850413180622 2.27255272738317e-07
5.209918992996611 2.266395205782134e-07
5.270688221179367 2.260539277075843e-07
5.332166270190032 2.2545828174046365e-07
5.39436140781447 2.2487017559571166e-07
5.457281998275164 2.2426447653209954e-07
5.520936503356078 2.2357081287418688e-07
5.585333483540597 2.2292238815048596e-07
5.650481599162807 2.2227898997503078e-07
5.716389611572129 2.216255387030841e-07
5.783066384311619 2.2096454760876882e-07
5.8505208843099235 2.2029099014383918e-07
5.918762183087229 2.1959481321180364e-07
5.987799457975191 2.188885831832767e-07
6.057641993351155 2.1819240625124119e-07
6.128299181886768 2.1745853020736262e-07
6.199780525811094 2.167271674376069e-07
6.272095638188561 2.1597067192662249e-07
6.3452542442117075 2.1518150385204074e-07
6.41926618250911 2.1438479595509036e-07
6.4941414064684695 2.135780349616485e-07
6.569889985575227 2.1275116777522366e-07
6.646522106766696 2.118991678475701e-07
6.724048075802064 2.1102706172693359e-07
6.802478318648363 2.101423892356827e-07
6.881823382882543 2.0923509727732596e-07
6.9620939391100025 2.083026725777405e-07
7.043300782399559 2.0734762841104922e-07
7.125454833735254 2.0636242495488344e-07
7.208567141484998 2.0535208875748896e-07
7.292648882886451 2.0432164636711153e-07
7.37771136555011 2.0324847831664525e-07
7.463766028980066 2.0217531026617897e-07
7.550824446112373 2.01077009474484e-07
7.6388983248714375 1.9992090337796294e-07
7.727999509744567 1.9874971763670467e-07
7.818139983374806 1.975785318954464e-07
7.909331868172463 1.9635205412348496e-07
8.001587427945314 1.951130099809091e-07
8.094919069547949 1.9383626672649023e-07
8.18933934455022 1.9254193055321124e-07
8.28486095092529 1.9123000146107212e-07
8.381496734757247 1.898778599829671e-07
8.479259691968704 1.8856090434258225e-07
8.578162970068574 1.870931522548251e-07
8.678219869920126 1.8574603732496578e-07
8.779443847529807 1.8429587815606876e-07
8.881848515856783 1.8284320571304882e-07
8.98544764664372 1.8142320583362624e-07
9.090255172268805 1.799252944563946e-07
9.196285187619464 1.784374361756545e-07
9.303551951987858 1.7693701152430003e-07
9.412069890988533 1.7543658687294553e-07
9.521853598498465 1.7391354275448519e-07
9.63291783861962 1.7242568447374508e-07
9.745277547664571 1.70897613807039e-07
9.8589478361651 1.6941478207454463e-07
9.9739439909044 1.6787917158546994e-07
10.09028147697282 1.6638628675648406e-07
10.207975939847703 1.6487078246039234e-07
10.327043207497463 1.6340051709851233e-07
10.447499292510166 1.619403048331238e-07
10.569360394246903 1.604750660194895e-07
10.692642901020456 1.590575794141898e-07
10.81736339229917 1.5759485387467838e-07
10.943538640936659 1.5624019912245045e-07
11.071185615427403 1.5484030543601084e-07
11.200321482188851 1.5352837634387178e-07
11.330963607869938 1.5223152689646988e-07
11.463129561686664 1.5098745620564834e-07
11.596837117784759 1.4974589878894965e-07
11.732104257630164 1.4853198738760254e-07
11.868949172427172 1.4733566890511553e-07
12.007390265564764 1.4618458935684026e-07
12.147446155091716 1.4507623546865377e-07
12.289135676220319 1.439754214028359e-07
12.432477883859455 1.429500055607042e-07
12.577492055177073 1.4195474900804696e-07
12.724197692192789 1.4097959864837268e-07
12.872614524400527 1.4006979341589307e-07
13.022762511421726 1.3918763419876505e-07
13.17466184568973 1.3831050152988278e-07
13.328332955165248 1.374886608917037e-07
13.48379650608362 1.367045193653677e-07
13.64107340573398 1.3589775837192583e-07
13.80018480527111 1.3514628940918717e-07
13.961152102559806 1.344551390253974e-07
14.123996945052603 1.3374388244862465e-07
14.288741232700877 1.330652984354493e-07
14.455407120900208 1.3244200645297706e-07
14.624017023469827 1.3181871447050485e-07
14.794593615666818 1.3119290921390977e-07
14.96715983723574 1.3059726324678913e-07
15.141738895493535 1.3002675002089723e-07
15.318354268450587 1.294587500691282e-07
15.497029707967993 1.2889326339148202e-07
15.677789242952008 1.2835290945506459e-07
15.860657182585387 1.2783768825987587e-07
16.045658119596652 1.2731492724231852e-07
16.23281693356727 1.2680473259537555e-07
16.422158794277752 1.2629705122255543e-07
16.613709165092455 1.257994229462268e-07
16.80749380638392 1.253093344922668e-07
17.003538778997388 1.248091929418153e-07
17.20187044775543 1.243191044878553e-07
17.40251548500365 1.2382398948564954e-07
17.605500874197553 1.2334646740230388e-07
17.810853913531556 1.2284632585185238e-07
18.018602219610067 1.2236377722026103e-07
18.228773731161343 1.21873688766301e-07
18.441396712794997 1.2138108703821812e-07
18.656499758803008 1.2088597203601237e-07
18.874111797005227 1.2037577738906937e-07
19.09426209263954 1.1987814911274077e-07
19.316980252297824 1.193579013693063e-07
19.542296227907357 1.1884519344824044e-07
19.77024032075895 1.1830986606006873e-07
20.00084318558183 1.177871050425114e-07
20.234135834666382 1.1724423783197109e-07
20.47014964203476 1.1669885734730789e-07
20.708916347659958 1.161358839437846e-07
20.950468061734632 1.1557542381438418e-07
21.194837268989197 1.1499234421787792e-07
21.442056833060573 1.1440675134724878e-07
21.692160000911635 1.1379853900951379e-07
21.945180407302644 1.1318027357528732e-07
22.201152079314436 1.1256954796342947e-07
22.460109440924374 1.119060435949913e-07
22.722087317636074 1.1126767196778185e-07
22.987120941162665 1.1060668087346657e-07
23.255245954165005 1.0990045084493957e-07
23.526498415044813 1.0921684028351844e-07
23.800914802794203 1.08480450965517e-07
24.07853202190137 1.0773903509926979e-07
24.359387407313676 1.0697751304003964e-07
24.643518729458428 1.0618080514308926e-07
24.930964199322656 1.0538158397201601e-07
25.221762473591717 1.0453461059260821e-07
25.51595265984783 1.0367507084258605e-07
25.813574321829726 1.0276526561010644e-07
26.114667484753074 1.0184289400701249e-07
26.419272640693364 1.008501507284781e-07
26.72743075403119 9.983981453108364e-08
27.03918326696159 9.87716730288631e-08
27.354572105067156 9.76381863994479e-08
27.67363968295643 9.647202720643536e-08
27.996428909967744 9.521036359675371e-08
28.322983195940157 9.384062919978855e-08
28.653346457051203 9.240303640150587e-08
28.98756312172272 9.083726662295671e-08
29.325678136596064 8.9125726945281e-08
29.667736972576513 8.723574480488137e-08
30.01378563094842 8.514218746052914e-08
30.363870649561413 8.278473633327535e-08
30.718039109089332 8.015836487487429e-08
31.076338639361627 7.719270140988551e-08
31.43881742576858 7.380732116637716e-08
31.80552421574184 6.983132150399392e-08
32.176508325309904 6.553864930212883e-08
32.55181964573041 6.145457885246209e-08
32.93150865019946 5.662406598830243e-08
33.31562640063982 5.20850929223959e-08
33.70422455456763 4.8310155189842404e-08
34.09735537203964 4.3879252911219357e-08
34.49507172268105 3.974994352734093e-08
34.89742709279601 3.634697036497247e-08
35.30447559256046 3.326066974208586e-08
35.71627196329881 3.046088236920663e-08
36.132871584846214 2.7806864895453975e-08
36.55433048299595 2.5497165976534762e-08
36.98070533703408 2.3397828101699918e-08
37.41205348736163 2.1355792876866552e-08
37.848432943206355 1.964173992506796e-08
38.28990239042371 1.7922911752435913e-08
38.73652119938933 1.639835966950186e-08
39.18834943298302 1.5028373945124422e-08
39.64544785466667 1.3587513890482e-08
40.10787793665582 1.2398986557775909e-08
40.57570186818625 1.1302947712791501e-08
41.04898256387803 1.0210176124166826e-08
41.52778367219612 9.241308949799736e-09
42.01216958401021 8.392827605918205e-09
42.50220544125391 7.600392274976714e-09
42.99795714568576 6.7762896900870405e-09
43.49949136775167 6.1032348799819626e-09
44.00687555555078 5.473408384790282e-09
44.520177943906575 4.8511217119672155e-09
45.03946756354306 4.3044845902425905e-09
45.564814250368414 3.823695250537209e-09
46.09628865486638 3.355723608858473e-09
46.63396225159816 2.978983817839985e-09
47.17790734881422 2.6210935827430363e-09
47.72819709817873 2.30137998157251e-09
48.284905504606854 2.0264277925303313e-09
48.848107436217795 1.767334363203474e-09
49.41787863440305 1.5640858848868288e-09
49.994295724012055 1.368301830715113e-09
50.57743622365756 1.2103928175750753e-09
51.167378556140235 1.0692976083170507e-09
51.76420205899543 9.553708923272704e-10
52.36798699516236 8.475011669736113e-10
52.978814563778776 7.569730330677678e-10
53.59676691110058 6.721751641620721e-10
54.22192714154886 6.009238427786557e-10
54.85437932888667 5.358300429962751e-10
55.494208527525174 4.768937648149306e-10
56.14150078396226 4.207472209099738e-10
56.79634314835393 3.7379926029472797e-10
57.458823686221784 3.3094793649976317e-10
58.129031490295986 2.9179112566542e-10
58.80705669249692 2.5291077498459267e-10
59.492990476056015 2.2121838829517887e-10
60.18692508777912 1.9195131113433634e-10
60.8889538504518 1.6422738428493717e-10
61.59917117538935 1.4082126237863177e-10
62.31767257513429 1.1939057393290363e-10
63.044554676300784 9.942512430080976e-11
63.779915232569515 8.265907262713176e-11
64.52385313783347 6.704661377585193e-11
65.27646843949832 5.5073375854490504e-11
66.03786235193662 4.401245643973157e-11
66.80813727009975 3.4906864292566905e-11
67.58739678328776 2.7588210046764125e-11
68.37574568908134 2.1346493762611925e-11
69.17329000743486 1.5970097758964496e-11
69.98013699493397 1.189733704285069e-11
70.79639515922064 8.835163851543647e-12
71.62217427358507 6.452579983061148e-12
72.45758539172876 4.625932350557899e-12
73.30274086269873 3.256449281005036e-12
74.15775434599756 2.232591668829508e-12
75.02274082686823 1.4877326170339824e-12
75.89781663175737 9.844494739288976e-13
76.78309944396004 6.342749903891648e-13
77.67870831944572 4.022997888480945e-13
78.58476370286961 2.514028105108696e-13
79.50138744376981 1.470114565432651e-13
80.42870281295511 8.325974514249813e-14
81.36683451908213 4.6955500437614483e-14
82.31590872542702 2.4802497008972987e-14
83.27605306685165 1.242738655536436e-14
84.24739666696932 5.980838430198105e-15
85.23007015550937 2.3708468783286874e-15
86.22420568588417 7.143479039438615e-16
87.22993695296257 2.1594553918539376e-16
88.24739921104906 1.4129124463960878e-17
